36
0.0 0.5 0.5 0.5 0.0 0.0 0.5 0.0 0.0 273.0 0.001 10.0
1.0 0.5 0.5 0.5 0.0 0.0 0.5 0.0 0.0 273.0 0.001 10.0
2.0 0.5 0.5 0.5 0.0 0.0 0.5 0.0 0.0 273.0 0.001 10.0
3.0 0.5 0.5 0.5 0.0 0.0 0.5 0.0 0.0 273.0 0.001 10.0
0.0 1.0 0.5 0.5 0.0 0.0 0.5 0.0 0.0 273.0 0.001 10.0
1.0 1.0 0.5 0.5 0.0 0.0 0.5 0.0 0.0 273.0 0.001 10.0
2.0 1.0 0.5 0.5 0.0 0.0 0.5 0.0 0.0 273.0 0.001 10.0
3.0 1.0 0.5 0.5 0.0 0.0 0.5 0.0 0.0 273.0 0.001 10.0
0.0 1.5 0.5 0.5 0.0 0.0 0.5 0.0 0.0 273.0 0.001 10.0
1.0 1.5 0.5 0.5 0.0 0.0 0.5 0.0 0.0 273.0 0.001 10.0
2.0 1.5 0.5 0.5 0.0 0.0 0.5 0.0 0.0 273.0 0.001 10.0
3.0 1.5 0.5 0.5 0.0 0.0 0.5 0.0 0.0 273.0 0.001 10.0
0.0 0.5 1.0 0.5 0.0 0.0 0.5 0.0 0.0 273.0 0.001 10.0
1.0 0.5 1.0 0.5 0.0 0.0 0.5 0.0 0.0 273.0 0.001 10.0
2.0 0.5 1.0 0.5 0.0 0.0 0.5 0.0 0.0 273.0 0.001 10.0
3.0 0.5 1.0 0.5 0.0 0.0 0.5 0.0 0.0 273.0 0.001 10.0
0.0 1.0 1.0 0.5 0.0 0.0 0.5 0.0 0.0 273.0 0.001 10.0
1.0 1.0 1.0 0.5 0.0 0.0 0.5 0.0 0.0 273.0 0.001 10.0
2.0 1.0 1.0 0.5 0.0 0.0 0.5 0.0 0.0 273.0 0.001 10.0
3.0 1.0 1.0 0.5 0.0 0.0 0.5 0.0 0.0 273.0 0.001 10.0
0.0 1.5 1.0 0.5 0.0 0.0 0.5 0.0 0.0 273.0 0.001 10.0
1.0 1.5 1.0 0.5 0.0 0.0 0.5 0.0 0.0 273.0 0.001 10.0
2.0 1.5 1.0 0.5 0.0 0.0 0.5 0.0 0.0 273.0 0.001 10.0
3.0 1.5 1.0 0.5 0.0 0.0 0.5 0.0 0.0 273.0 0.001 10.0
0.0 0.5 1.5 0.5 0.0 0.0 0.5 0.0 0.0 273.0 0.001 10.0
1.0 0.5 1.5 0.5 0.0 0.0 0.5 0.0 0.0 273.0 0.001 10.0
2.0 0.5 1.5 0.5 0.0 0.0 0.5 0.0 0.0 273.0 0.001 10.0
3.0 0.5 1.5 0.5 0.0 0.0 0.5 0.0 0.0 273.0 0.001 10.0
0.0 1.0 1.5 0.5 0.0 0.0 0.5 0.0 0.0 273.0 0.001 10.0
1.0 1.0 1.5 0.5 0.0 0.0 0.5 0.0 0.0 273.0 0.001 10.0
2.0 1.0 1.5 0.5 0.0 0.0 0.5 0.0 0.0 273.0 0.001 10.0
3.0 1.0 1.5 0.5 0.0 0.0 0.5 0.0 0.0 273.0 0.001 10.0
0.0 1.5 1.5 0.5 0.0 0.0 0.5 0.0 0.0 273.0 0.001 10.0
1.0 1.5 1.5 0.5 0.0 0.0 0.5 0.0 0.0 273.0 0.001 10.0
2.0 1.5 1.5 0.5 0.0 0.0 0.5 0.0 0.0 273.0 0.001 10.0
3.0 1.5 1.5 0.5 0.0 0.0 0.5 0.0 0.0 273.0 0.001 10.0
