384
2.60 2.99 1.00 0.0 -1.0 0.0 0.0 -1.0 0.0 373.0 0.001 10.0
2.57 2.99 1.07 0.0 -1.0 0.0 0.0 -1.0 0.0 373.0 0.002 10.0
2.50 2.99 1.10 0.0 -1.0 0.0 0.0 -1.0 0.0 373.0 0.003 10.0
2.43 2.99 1.07 0.0 -1.0 0.0 0.0 -1.0 0.0 373.0 0.004 10.0
2.40 2.99 1.00 0.0 -1.0 0.0 0.0 -1.0 0.0 373.0 0.001 10.0
2.43 2.99 0.93 0.0 -1.0 0.0 0.0 -1.0 0.0 373.0 0.002 10.0
2.50 2.99 0.90 0.0 -1.0 0.0 0.0 -1.0 0.0 373.0 0.003 10.0
2.57 2.99 0.93 0.0 -1.0 0.0 0.0 -1.0 0.0 373.0 0.004 10.0
2.60 2.99 1.00 0.0 -1.0 0.0 0.0 -1.0 0.0 373.0 0.001 10.0
2.57 2.99 1.07 0.0 -1.0 0.0 0.0 -1.0 0.0 373.0 0.002 10.0
2.50 2.99 1.10 0.0 -1.0 0.0 0.0 -1.0 0.0 373.0 0.003 10.0
2.43 2.99 1.07 0.0 -1.0 0.0 0.0 -1.0 0.0 373.0 0.004 10.0
2.40 2.99 1.00 0.0 -1.0 0.0 0.0 -1.0 0.0 373.0 0.001 10.0
2.43 2.99 0.93 0.0 -1.0 0.0 0.0 -1.0 0.0 373.0 0.002 10.0
2.50 2.99 0.90 0.0 -1.0 0.0 0.0 -1.0 0.0 373.0 0.003 10.0
2.57 2.99 0.93 0.0 -1.0 0.0 0.0 -1.0 0.0 373.0 0.004 10.0
2.60 2.99 1.00 0.0 -1.0 0.0 0.0 -1.0 0.0 373.0 0.001 10.0
2.57 2.99 1.07 0.0 -1.0 0.0 0.0 -1.0 0.0 373.0 0.002 10.0
2.50 2.99 1.10 0.0 -1.0 0.0 0.0 -1.0 0.0 373.0 0.003 10.0
2.43 2.99 1.07 0.0 -1.0 0.0 0.0 -1.0 0.0 373.0 0.004 10.0
2.40 2.99 1.00 0.0 -1.0 0.0 0.0 -1.0 0.0 373.0 0.001 10.0
2.43 2.99 0.93 0.0 -1.0 0.0 0.0 -1.0 0.0 373.0 0.002 10.0
2.50 2.99 0.90 0.0 -1.0 0.0 0.0 -1.0 0.0 373.0 0.003 10.0
2.57 2.99 0.93 0.0 -1.0 0.0 0.0 -1.0 0.0 373.0 0.004 10.0
2.60 2.99 1.00 0.0 -1.0 0.0 0.0 -1.0 0.0 373.0 0.001 10.0
2.57 2.99 1.07 0.0 -1.0 0.0 0.0 -1.0 0.0 373.0 0.002 10.0
2.50 2.99 1.10 0.0 -1.0 0.0 0.0 -1.0 0.0 373.0 0.003 10.0
2.43 2.99 1.07 0.0 -1.0 0.0 0.0 -1.0 0.0 373.0 0.004 10.0
2.40 2.99 1.00 0.0 -1.0 0.0 0.0 -1.0 0.0 373.0 0.001 10.0
2.43 2.99 0.93 0.0 -1.0 0.0 0.0 -1.0 0.0 373.0 0.002 10.0
2.50 2.99 0.90 0.0 -1.0 0.0 0.0 -1.0 0.0 373.0 0.003 10.0
2.57 2.99 0.93 0.0 -1.0 0.0 0.0 -1.0 0.0 373.0 0.004 10.0
2.60 2.99 1.00 0.0 -1.0 0.0 0.0 -1.0 0.0 373.0 0.001 10.0
2.57 2.99 1.07 0.0 -1.0 0.0 0.0 -1.0 0.0 373.0 0.002 10.0
2.50 2.99 1.10 0.0 -1.0 0.0 0.0 -1.0 0.0 373.0 0.003 10.0
2.43 2.99 1.07 0.0 -1.0 0.0 0.0 -1.0 0.0 373.0 0.004 10.0
2.40 2.99 1.00 0.0 -1.0 0.0 0.0 -1.0 0.0 373.0 0.001 10.0
2.43 2.99 0.93 0.0 -1.0 0.0 0.0 -1.0 0.0 373.0 0.002 10.0
2.50 2.99 0.90 0.0 -1.0 0.0 0.0 -1.0 0.0 373.0 0.003 10.0
2.57 2.99 0.93 0.0 -1.0 0.0 0.0 -1.0 0.0 373.0 0.004 10.0
2.60 2.99 1.00 0.0 -1.0 0.0 0.0 -1.0 0.0 373.0 0.001 10.0
2.57 2.99 1.07 0.0 -1.0 0.0 0.0 -1.0 0.0 373.0 0.002 10.0
2.50 2.99 1.10 0.0 -1.0 0.0 0.0 -1.0 0.0 373.0 0.003 10.0
2.43 2.99 1.07 0.0 -1.0 0.0 0.0 -1.0 0.0 373.0 0.004 10.0
2.40 2.99 1.00 0.0 -1.0 0.0 0.0 -1.0 0.0 373.0 0.001 10.0
2.43 2.99 0.93 0.0 -1.0 0.0 0.0 -1.0 0.0 373.0 0.002 10.0
2.50 2.99 0.90 0.0 -1.0 0.0 0.0 -1.0 0.0 373.0 0.003 10.0
2.57 2.99 0.93 0.0 -1.0 0.0 0.0 -1.0 0.0 373.0 0.004 10.0
2.60 2.99 1.00 0.0 -1.0 0.0 0.0 -1.0 0.0 373.0 0.001 10.0
2.57 2.99 1.07 0.0 -1.0 0.0 0.0 -1.0 0.0 373.0 0.002 10.0
2.50 2.99 1.10 0.0 -1.0 0.0 0.0 -1.0 0.0 373.0 0.003 10.0
2.43 2.99 1.07 0.0 -1.0 0.0 0.0 -1.0 0.0 373.0 0.004 10.0
2.40 2.99 1.00 0.0 -1.0 0.0 0.0 -1.0 0.0 373.0 0.001 10.0
2.43 2.99 0.93 0.0 -1.0 0.0 0.0 -1.0 0.0 373.0 0.002 10.0
2.50 2.99 0.90 0.0 -1.0 0.0 0.0 -1.0 0.0 373.0 0.003 10.0
2.57 2.99 0.93 0.0 -1.0 0.0 0.0 -1.0 0.0 373.0 0.004 10.0
2.60 2.99 1.00 0.0 -1.0 0.0 0.0 -1.0 0.0 373.0 0.001 10.0
2.57 2.99 1.07 0.0 -1.0 0.0 0.0 -1.0 0.0 373.0 0.002 10.0
2.50 2.99 1.10 0.0 -1.0 0.0 0.0 -1.0 0.0 373.0 0.003 10.0
2.43 2.99 1.07 0.0 -1.0 0.0 0.0 -1.0 0.0 373.0 0.004 10.0
2.40 2.99 1.00 0.0 -1.0 0.0 0.0 -1.0 0.0 373.0 0.001 10.0
2.43 2.99 0.93 0.0 -1.0 0.0 0.0 -1.0 0.0 373.0 0.002 10.0
2.50 2.99 0.90 0.0 -1.0 0.0 0.0 -1.0 0.0 373.0 0.003 10.0
2.57 2.99 0.93 0.0 -1.0 0.0 0.0 -1.0 0.0 373.0 0.004 10.0
2.60 2.99 1.00 0.0 -1.0 0.0 0.0 -1.0 0.0 373.0 0.001 10.0
2.57 2.99 1.07 0.0 -1.0 0.0 0.0 -1.0 0.0 373.0 0.002 10.0
2.50 2.99 1.10 0.0 -1.0 0.0 0.0 -1.0 0.0 373.0 0.003 10.0
2.43 2.99 1.07 0.0 -1.0 0.0 0.0 -1.0 0.0 373.0 0.004 10.0
2.40 2.99 1.00 0.0 -1.0 0.0 0.0 -1.0 0.0 373.0 0.001 10.0
2.43 2.99 0.93 0.0 -1.0 0.0 0.0 -1.0 0.0 373.0 0.002 10.0
2.50 2.99 0.90 0.0 -1.0 0.0 0.0 -1.0 0.0 373.0 0.003 10.0
2.57 2.99 0.93 0.0 -1.0 0.0 0.0 -1.0 0.0 373.0 0.004 10.0
2.60 2.99 1.00 0.0 -1.0 0.0 0.0 -1.0 0.0 373.0 0.001 10.0
2.57 2.99 1.07 0.0 -1.0 0.0 0.0 -1.0 0.0 373.0 0.002 10.0
2.50 2.99 1.10 0.0 -1.0 0.0 0.0 -1.0 0.0 373.0 0.003 10.0
2.43 2.99 1.07 0.0 -1.0 0.0 0.0 -1.0 0.0 373.0 0.004 10.0
2.40 2.99 1.00 0.0 -1.0 0.0 0.0 -1.0 0.0 373.0 0.001 10.0
2.43 2.99 0.93 0.0 -1.0 0.0 0.0 -1.0 0.0 373.0 0.002 10.0
2.50 2.99 0.90 0.0 -1.0 0.0 0.0 -1.0 0.0 373.0 0.003 10.0
2.57 2.99 0.93 0.0 -1.0 0.0 0.0 -1.0 0.0 373.0 0.004 10.0
2.60 2.99 1.00 0.0 -1.0 0.0 0.0 -1.0 0.0 373.0 0.001 10.0
2.57 2.99 1.07 0.0 -1.0 0.0 0.0 -1.0 0.0 373.0 0.002 10.0
2.50 2.99 1.10 0.0 -1.0 0.0 0.0 -1.0 0.0 373.0 0.003 10.0
2.43 2.99 1.07 0.0 -1.0 0.0 0.0 -1.0 0.0 373.0 0.004 10.0
2.40 2.99 1.00 0.0 -1.0 0.0 0.0 -1.0 0.0 373.0 0.001 10.0
2.43 2.99 0.93 0.0 -1.0 0.0 0.0 -1.0 0.0 373.0 0.002 10.0
2.50 2.99 0.90 0.0 -1.0 0.0 0.0 -1.0 0.0 373.0 0.003 10.0
2.57 2.99 0.93 0.0 -1.0 0.0 0.0 -1.0 0.0 373.0 0.004 10.0
2.60 2.99 1.00 0.0 -1.0 0.0 0.0 -1.0 0.0 373.0 0.001 10.0
2.57 2.99 1.07 0.0 -1.0 0.0 0.0 -1.0 0.0 373.0 0.002 10.0
2.50 2.99 1.10 0.0 -1.0 0.0 0.0 -1.0 0.0 373.0 0.003 10.0
2.43 2.99 1.07 0.0 -1.0 0.0 0.0 -1.0 0.0 373.0 0.004 10.0
2.40 2.99 1.00 0.0 -1.0 0.0 0.0 -1.0 0.0 373.0 0.001 10.0
2.43 2.99 0.93 0.0 -1.0 0.0 0.0 -1.0 0.0 373.0 0.002 10.0
2.50 2.99 0.90 0.0 -1.0 0.0 0.0 -1.0 0.0 373.0 0.003 10.0
2.57 2.99 0.93 0.0 -1.0 0.0 0.0 -1.0 0.0 373.0 0.004 10.0
2.60 2.99 1.00 0.0 -1.0 0.0 0.0 -1.0 0.0 373.0 0.001 10.0
2.57 2.99 1.07 0.0 -1.0 0.0 0.0 -1.0 0.0 373.0 0.002 10.0
2.50 2.99 1.10 0.0 -1.0 0.0 0.0 -1.0 0.0 373.0 0.003 10.0
2.43 2.99 1.07 0.0 -1.0 0.0 0.0 -1.0 0.0 373.0 0.004 10.0
2.40 2.99 1.00 0.0 -1.0 0.0 0.0 -1.0 0.0 373.0 0.001 10.0
2.43 2.99 0.93 0.0 -1.0 0.0 0.0 -1.0 0.0 373.0 0.002 10.0
2.50 2.99 0.90 0.0 -1.0 0.0 0.0 -1.0 0.0 373.0 0.003 10.0
2.57 2.99 0.93 0.0 -1.0 0.0 0.0 -1.0 0.0 373.0 0.004 10.0
2.60 2.99 1.00 0.0 -1.0 0.0 0.0 -1.0 0.0 373.0 0.001 10.0
2.57 2.99 1.07 0.0 -1.0 0.0 0.0 -1.0 0.0 373.0 0.002 10.0
2.50 2.99 1.10 0.0 -1.0 0.0 0.0 -1.0 0.0 373.0 0.003 10.0
2.43 2.99 1.07 0.0 -1.0 0.0 0.0 -1.0 0.0 373.0 0.004 10.0
2.40 2.99 1.00 0.0 -1.0 0.0 0.0 -1.0 0.0 373.0 0.001 10.0
2.43 2.99 0.93 0.0 -1.0 0.0 0.0 -1.0 0.0 373.0 0.002 10.0
2.50 2.99 0.90 0.0 -1.0 0.0 0.0 -1.0 0.0 373.0 0.003 10.0
2.57 2.99 0.93 0.0 -1.0 0.0 0.0 -1.0 0.0 373.0 0.004 10.0
2.60 2.99 1.00 0.0 -1.0 0.0 0.0 -1.0 0.0 373.0 0.001 10.0
2.57 2.99 1.07 0.0 -1.0 0.0 0.0 -1.0 0.0 373.0 0.002 10.0
2.50 2.99 1.10 0.0 -1.0 0.0 0.0 -1.0 0.0 373.0 0.003 10.0
2.43 2.99 1.07 0.0 -1.0 0.0 0.0 -1.0 0.0 373.0 0.004 10.0
2.40 2.99 1.00 0.0 -1.0 0.0 0.0 -1.0 0.0 373.0 0.001 10.0
2.43 2.99 0.93 0.0 -1.0 0.0 0.0 -1.0 0.0 373.0 0.002 10.0
2.50 2.99 0.90 0.0 -1.0 0.0 0.0 -1.0 0.0 373.0 0.003 10.0
2.57 2.99 0.93 0.0 -1.0 0.0 0.0 -1.0 0.0 373.0 0.004 10.0
2.60 2.99 1.00 0.0 -1.0 0.0 0.0 -1.0 0.0 373.0 0.001 10.0
2.57 2.99 1.07 0.0 -1.0 0.0 0.0 -1.0 0.0 373.0 0.002 10.0
2.50 2.99 1.10 0.0 -1.0 0.0 0.0 -1.0 0.0 373.0 0.003 10.0
2.43 2.99 1.07 0.0 -1.0 0.0 0.0 -1.0 0.0 373.0 0.004 10.0
2.40 2.99 1.00 0.0 -1.0 0.0 0.0 -1.0 0.0 373.0 0.001 10.0
2.43 2.99 0.93 0.0 -1.0 0.0 0.0 -1.0 0.0 373.0 0.002 10.0
2.50 2.99 0.90 0.0 -1.0 0.0 0.0 -1.0 0.0 373.0 0.003 10.0
2.57 2.99 0.93 0.0 -1.0 0.0 0.0 -1.0 0.0 373.0 0.004 10.0
2.60 2.99 1.00 0.0 -1.0 0.0 0.0 -1.0 0.0 373.0 0.001 10.0
2.57 2.99 1.07 0.0 -1.0 0.0 0.0 -1.0 0.0 373.0 0.002 10.0
2.50 2.99 1.10 0.0 -1.0 0.0 0.0 -1.0 0.0 373.0 0.003 10.0
2.43 2.99 1.07 0.0 -1.0 0.0 0.0 -1.0 0.0 373.0 0.004 10.0
2.40 2.99 1.00 0.0 -1.0 0.0 0.0 -1.0 0.0 373.0 0.001 10.0
2.43 2.99 0.93 0.0 -1.0 0.0 0.0 -1.0 0.0 373.0 0.002 10.0
2.50 2.99 0.90 0.0 -1.0 0.0 0.0 -1.0 0.0 373.0 0.003 10.0
2.57 2.99 0.93 0.0 -1.0 0.0 0.0 -1.0 0.0 373.0 0.004 10.0
2.60 2.99 1.00 0.0 -1.0 0.0 0.0 -1.0 0.0 373.0 0.001 10.0
2.57 2.99 1.07 0.0 -1.0 0.0 0.0 -1.0 0.0 373.0 0.002 10.0
2.50 2.99 1.10 0.0 -1.0 0.0 0.0 -1.0 0.0 373.0 0.003 10.0
2.43 2.99 1.07 0.0 -1.0 0.0 0.0 -1.0 0.0 373.0 0.004 10.0
2.40 2.99 1.00 0.0 -1.0 0.0 0.0 -1.0 0.0 373.0 0.001 10.0
2.43 2.99 0.93 0.0 -1.0 0.0 0.0 -1.0 0.0 373.0 0.002 10.0
2.50 2.99 0.90 0.0 -1.0 0.0 0.0 -1.0 0.0 373.0 0.003 10.0
2.57 2.99 0.93 0.0 -1.0 0.0 0.0 -1.0 0.0 373.0 0.004 10.0
2.60 2.99 1.00 0.0 -1.0 0.0 0.0 -1.0 0.0 373.0 0.001 10.0
2.57 2.99 1.07 0.0 -1.0 0.0 0.0 -1.0 0.0 373.0 0.002 10.0
2.50 2.99 1.10 0.0 -1.0 0.0 0.0 -1.0 0.0 373.0 0.003 10.0
2.43 2.99 1.07 0.0 -1.0 0.0 0.0 -1.0 0.0 373.0 0.004 10.0
2.40 2.99 1.00 0.0 -1.0 0.0 0.0 -1.0 0.0 373.0 0.001 10.0
2.43 2.99 0.93 0.0 -1.0 0.0 0.0 -1.0 0.0 373.0 0.002 10.0
2.50 2.99 0.90 0.0 -1.0 0.0 0.0 -1.0 0.0 373.0 0.003 10.0
2.57 2.99 0.93 0.0 -1.0 0.0 0.0 -1.0 0.0 373.0 0.004 10.0
2.60 2.99 1.00 0.0 -1.0 0.0 0.0 -1.0 0.0 373.0 0.001 10.0
2.57 2.99 1.07 0.0 -1.0 0.0 0.0 -1.0 0.0 373.0 0.002 10.0
2.50 2.99 1.10 0.0 -1.0 0.0 0.0 -1.0 0.0 373.0 0.003 10.0
2.43 2.99 1.07 0.0 -1.0 0.0 0.0 -1.0 0.0 373.0 0.004 10.0
2.40 2.99 1.00 0.0 -1.0 0.0 0.0 -1.0 0.0 373.0 0.001 10.0
2.43 2.99 0.93 0.0 -1.0 0.0 0.0 -1.0 0.0 373.0 0.002 10.0
2.50 2.99 0.90 0.0 -1.0 0.0 0.0 -1.0 0.0 373.0 0.003 10.0
2.57 2.99 0.93 0.0 -1.0 0.0 0.0 -1.0 0.0 373.0 0.004 10.0
2.60 2.99 1.00 0.0 -1.0 0.0 0.0 -1.0 0.0 373.0 0.001 10.0
2.57 2.99 1.07 0.0 -1.0 0.0 0.0 -1.0 0.0 373.0 0.002 10.0
2.50 2.99 1.10 0.0 -1.0 0.0 0.0 -1.0 0.0 373.0 0.003 10.0
2.43 2.99 1.07 0.0 -1.0 0.0 0.0 -1.0 0.0 373.0 0.004 10.0
2.40 2.99 1.00 0.0 -1.0 0.0 0.0 -1.0 0.0 373.0 0.001 10.0
2.43 2.99 0.93 0.0 -1.0 0.0 0.0 -1.0 0.0 373.0 0.002 10.0
2.50 2.99 0.90 0.0 -1.0 0.0 0.0 -1.0 0.0 373.0 0.003 10.0
2.57 2.99 0.93 0.0 -1.0 0.0 0.0 -1.0 0.0 373.0 0.004 10.0
2.60 2.99 1.00 0.0 -1.0 0.0 0.0 -1.0 0.0 373.0 0.001 10.0
2.57 2.99 1.07 0.0 -1.0 0.0 0.0 -1.0 0.0 373.0 0.002 10.0
2.50 2.99 1.10 0.0 -1.0 0.0 0.0 -1.0 0.0 373.0 0.003 10.0
2.43 2.99 1.07 0.0 -1.0 0.0 0.0 -1.0 0.0 373.0 0.004 10.0
2.40 2.99 1.00 0.0 -1.0 0.0 0.0 -1.0 0.0 373.0 0.001 10.0
2.43 2.99 0.93 0.0 -1.0 0.0 0.0 -1.0 0.0 373.0 0.002 10.0
2.50 2.99 0.90 0.0 -1.0 0.0 0.0 -1.0 0.0 373.0 0.003 10.0
2.57 2.99 0.93 0.0 -1.0 0.0 0.0 -1.0 0.0 373.0 0.004 10.0
2.60 2.99 1.00 0.0 -1.0 0.0 0.0 -1.0 0.0 373.0 0.001 10.0
2.57 2.99 1.07 0.0 -1.0 0.0 0.0 -1.0 0.0 373.0 0.002 10.0
2.50 2.99 1.10 0.0 -1.0 0.0 0.0 -1.0 0.0 373.0 0.003 10.0
2.43 2.99 1.07 0.0 -1.0 0.0 0.0 -1.0 0.0 373.0 0.004 10.0
2.40 2.99 1.00 0.0 -1.0 0.0 0.0 -1.0 0.0 373.0 0.001 10.0
2.43 2.99 0.93 0.0 -1.0 0.0 0.0 -1.0 0.0 373.0 0.002 10.0
2.50 2.99 0.90 0.0 -1.0 0.0 0.0 -1.0 0.0 373.0 0.003 10.0
2.57 2.99 0.93 0.0 -1.0 0.0 0.0 -1.0 0.0 373.0 0.004 10.0
2.60 2.99 1.00 0.0 -1.0 0.0 0.0 -1.0 0.0 373.0 0.001 10.0
2.57 2.99 1.07 0.0 -1.0 0.0 0.0 -1.0 0.0 373.0 0.002 10.0
2.50 2.99 1.10 0.0 -1.0 0.0 0.0 -1.0 0.0 373.0 0.003 10.0
2.43 2.99 1.07 0.0 -1.0 0.0 0.0 -1.0 0.0 373.0 0.004 10.0
2.40 2.99 1.00 0.0 -1.0 0.0 0.0 -1.0 0.0 373.0 0.001 10.0
2.43 2.99 0.93 0.0 -1.0 0.0 0.0 -1.0 0.0 373.0 0.002 10.0
2.50 2.99 0.90 0.0 -1.0 0.0 0.0 -1.0 0.0 373.0 0.003 10.0
2.57 2.99 0.93 0.0 -1.0 0.0 0.0 -1.0 0.0 373.0 0.004 10.0
2.60 2.99 1.00 0.0 -1.0 0.0 0.0 -1.0 0.0 373.0 0.001 10.0
2.57 2.99 1.07 0.0 -1.0 0.0 0.0 -1.0 0.0 373.0 0.002 10.0
2.50 2.99 1.10 0.0 -1.0 0.0 0.0 -1.0 0.0 373.0 0.003 10.0
2.43 2.99 1.07 0.0 -1.0 0.0 0.0 -1.0 0.0 373.0 0.004 10.0
2.40 2.99 1.00 0.0 -1.0 0.0 0.0 -1.0 0.0 373.0 0.001 10.0
2.43 2.99 0.93 0.0 -1.0 0.0 0.0 -1.0 0.0 373.0 0.002 10.0
2.50 2.99 0.90 0.0 -1.0 0.0 0.0 -1.0 0.0 373.0 0.003 10.0
2.57 2.99 0.93 0.0 -1.0 0.0 0.0 -1.0 0.0 373.0 0.004 10.0
2.60 2.99 1.00 0.0 -1.0 0.0 0.0 -1.0 0.0 373.0 0.001 10.0
2.57 2.99 1.07 0.0 -1.0 0.0 0.0 -1.0 0.0 373.0 0.002 10.0
2.50 2.99 1.10 0.0 -1.0 0.0 0.0 -1.0 0.0 373.0 0.003 10.0
2.43 2.99 1.07 0.0 -1.0 0.0 0.0 -1.0 0.0 373.0 0.004 10.0
2.40 2.99 1.00 0.0 -1.0 0.0 0.0 -1.0 0.0 373.0 0.001 10.0
2.43 2.99 0.93 0.0 -1.0 0.0 0.0 -1.0 0.0 373.0 0.002 10.0
2.50 2.99 0.90 0.0 -1.0 0.0 0.0 -1.0 0.0 373.0 0.003 10.0
2.57 2.99 0.93 0.0 -1.0 0.0 0.0 -1.0 0.0 373.0 0.004 10.0
2.60 2.99 1.00 0.0 -1.0 0.0 0.0 -1.0 0.0 373.0 0.001 10.0
2.57 2.99 1.07 0.0 -1.0 0.0 0.0 -1.0 0.0 373.0 0.002 10.0
2.50 2.99 1.10 0.0 -1.0 0.0 0.0 -1.0 0.0 373.0 0.003 10.0
2.43 2.99 1.07 0.0 -1.0 0.0 0.0 -1.0 0.0 373.0 0.004 10.0
2.40 2.99 1.00 0.0 -1.0 0.0 0.0 -1.0 0.0 373.0 0.001 10.0
2.43 2.99 0.93 0.0 -1.0 0.0 0.0 -1.0 0.0 373.0 0.002 10.0
2.50 2.99 0.90 0.0 -1.0 0.0 0.0 -1.0 0.0 373.0 0.003 10.0
2.57 2.99 0.93 0.0 -1.0 0.0 0.0 -1.0 0.0 373.0 0.004 10.0
2.60 2.99 1.00 0.0 -1.0 0.0 0.0 -1.0 0.0 373.0 0.001 10.0
2.57 2.99 1.07 0.0 -1.0 0.0 0.0 -1.0 0.0 373.0 0.002 10.0
2.50 2.99 1.10 0.0 -1.0 0.0 0.0 -1.0 0.0 373.0 0.003 10.0
2.43 2.99 1.07 0.0 -1.0 0.0 0.0 -1.0 0.0 373.0 0.004 10.0
2.40 2.99 1.00 0.0 -1.0 0.0 0.0 -1.0 0.0 373.0 0.001 10.0
2.43 2.99 0.93 0.0 -1.0 0.0 0.0 -1.0 0.0 373.0 0.002 10.0
2.50 2.99 0.90 0.0 -1.0 0.0 0.0 -1.0 0.0 373.0 0.003 10.0
2.57 2.99 0.93 0.0 -1.0 0.0 0.0 -1.0 0.0 373.0 0.004 10.0
2.60 2.99 1.00 0.0 -1.0 0.0 0.0 -1.0 0.0 373.0 0.001 10.0
2.57 2.99 1.07 0.0 -1.0 0.0 0.0 -1.0 0.0 373.0 0.002 10.0
2.50 2.99 1.10 0.0 -1.0 0.0 0.0 -1.0 0.0 373.0 0.003 10.0
2.43 2.99 1.07 0.0 -1.0 0.0 0.0 -1.0 0.0 373.0 0.004 10.0
2.40 2.99 1.00 0.0 -1.0 0.0 0.0 -1.0 0.0 373.0 0.001 10.0
2.43 2.99 0.93 0.0 -1.0 0.0 0.0 -1.0 0.0 373.0 0.002 10.0
2.50 2.99 0.90 0.0 -1.0 0.0 0.0 -1.0 0.0 373.0 0.003 10.0
2.57 2.99 0.93 0.0 -1.0 0.0 0.0 -1.0 0.0 373.0 0.004 10.0
2.60 2.99 1.00 0.0 -1.0 0.0 0.0 -1.0 0.0 373.0 0.001 10.0
2.57 2.99 1.07 0.0 -1.0 0.0 0.0 -1.0 0.0 373.0 0.002 10.0
2.50 2.99 1.10 0.0 -1.0 0.0 0.0 -1.0 0.0 373.0 0.003 10.0
2.43 2.99 1.07 0.0 -1.0 0.0 0.0 -1.0 0.0 373.0 0.004 10.0
2.40 2.99 1.00 0.0 -1.0 0.0 0.0 -1.0 0.0 373.0 0.001 10.0
2.43 2.99 0.93 0.0 -1.0 0.0 0.0 -1.0 0.0 373.0 0.002 10.0
2.50 2.99 0.90 0.0 -1.0 0.0 0.0 -1.0 0.0 373.0 0.003 10.0
2.57 2.99 0.93 0.0 -1.0 0.0 0.0 -1.0 0.0 373.0 0.004 10.0
2.60 2.99 1.00 0.0 -1.0 0.0 0.0 -1.0 0.0 373.0 0.001 10.0
2.57 2.99 1.07 0.0 -1.0 0.0 0.0 -1.0 0.0 373.0 0.002 10.0
2.50 2.99 1.10 0.0 -1.0 0.0 0.0 -1.0 0.0 373.0 0.003 10.0
2.43 2.99 1.07 0.0 -1.0 0.0 0.0 -1.0 0.0 373.0 0.004 10.0
2.40 2.99 1.00 0.0 -1.0 0.0 0.0 -1.0 0.0 373.0 0.001 10.0
2.43 2.99 0.93 0.0 -1.0 0.0 0.0 -1.0 0.0 373.0 0.002 10.0
2.50 2.99 0.90 0.0 -1.0 0.0 0.0 -1.0 0.0 373.0 0.003 10.0
2.57 2.99 0.93 0.0 -1.0 0.0 0.0 -1.0 0.0 373.0 0.004 10.0
2.60 2.99 1.00 0.0 -1.0 0.0 0.0 -1.0 0.0 373.0 0.001 10.0
2.57 2.99 1.07 0.0 -1.0 0.0 0.0 -1.0 0.0 373.0 0.002 10.0
2.50 2.99 1.10 0.0 -1.0 0.0 0.0 -1.0 0.0 373.0 0.003 10.0
2.43 2.99 1.07 0.0 -1.0 0.0 0.0 -1.0 0.0 373.0 0.004 10.0
2.40 2.99 1.00 0.0 -1.0 0.0 0.0 -1.0 0.0 373.0 0.001 10.0
2.43 2.99 0.93 0.0 -1.0 0.0 0.0 -1.0 0.0 373.0 0.002 10.0
2.50 2.99 0.90 0.0 -1.0 0.0 0.0 -1.0 0.0 373.0 0.003 10.0
2.57 2.99 0.93 0.0 -1.0 0.0 0.0 -1.0 0.0 373.0 0.004 10.0
2.60 2.99 1.00 0.0 -1.0 0.0 0.0 -1.0 0.0 373.0 0.001 10.0
2.57 2.99 1.07 0.0 -1.0 0.0 0.0 -1.0 0.0 373.0 0.002 10.0
2.50 2.99 1.10 0.0 -1.0 0.0 0.0 -1.0 0.0 373.0 0.003 10.0
2.43 2.99 1.07 0.0 -1.0 0.0 0.0 -1.0 0.0 373.0 0.004 10.0
2.40 2.99 1.00 0.0 -1.0 0.0 0.0 -1.0 0.0 373.0 0.001 10.0
2.43 2.99 0.93 0.0 -1.0 0.0 0.0 -1.0 0.0 373.0 0.002 10.0
2.50 2.99 0.90 0.0 -1.0 0.0 0.0 -1.0 0.0 373.0 0.003 10.0
2.57 2.99 0.93 0.0 -1.0 0.0 0.0 -1.0 0.0 373.0 0.004 10.0
2.60 2.99 1.00 0.0 -1.0 0.0 0.0 -1.0 0.0 373.0 0.001 10.0
2.57 2.99 1.07 0.0 -1.0 0.0 0.0 -1.0 0.0 373.0 0.002 10.0
2.50 2.99 1.10 0.0 -1.0 0.0 0.0 -1.0 0.0 373.0 0.003 10.0
2.43 2.99 1.07 0.0 -1.0 0.0 0.0 -1.0 0.0 373.0 0.004 10.0
2.40 2.99 1.00 0.0 -1.0 0.0 0.0 -1.0 0.0 373.0 0.001 10.0
2.43 2.99 0.93 0.0 -1.0 0.0 0.0 -1.0 0.0 373.0 0.002 10.0
2.50 2.99 0.90 0.0 -1.0 0.0 0.0 -1.0 0.0 373.0 0.003 10.0
2.57 2.99 0.93 0.0 -1.0 0.0 0.0 -1.0 0.0 373.0 0.004 10.0
2.60 2.99 1.00 0.0 -1.0 0.0 0.0 -1.0 0.0 373.0 0.001 10.0
2.57 2.99 1.07 0.0 -1.0 0.0 0.0 -1.0 0.0 373.0 0.002 10.0
2.50 2.99 1.10 0.0 -1.0 0.0 0.0 -1.0 0.0 373.0 0.003 10.0
2.43 2.99 1.07 0.0 -1.0 0.0 0.0 -1.0 0.0 373.0 0.004 10.0
2.40 2.99 1.00 0.0 -1.0 0.0 0.0 -1.0 0.0 373.0 0.001 10.0
2.43 2.99 0.93 0.0 -1.0 0.0 0.0 -1.0 0.0 373.0 0.002 10.0
2.50 2.99 0.90 0.0 -1.0 0.0 0.0 -1.0 0.0 373.0 0.003 10.0
2.57 2.99 0.93 0.0 -1.0 0.0 0.0 -1.0 0.0 373.0 0.004 10.0
2.60 2.99 1.00 0.0 -1.0 0.0 0.0 -1.0 0.0 373.0 0.001 10.0
2.57 2.99 1.07 0.0 -1.0 0.0 0.0 -1.0 0.0 373.0 0.002 10.0
2.50 2.99 1.10 0.0 -1.0 0.0 0.0 -1.0 0.0 373.0 0.003 10.0
2.43 2.99 1.07 0.0 -1.0 0.0 0.0 -1.0 0.0 373.0 0.004 10.0
2.40 2.99 1.00 0.0 -1.0 0.0 0.0 -1.0 0.0 373.0 0.001 10.0
2.43 2.99 0.93 0.0 -1.0 0.0 0.0 -1.0 0.0 373.0 0.002 10.0
2.50 2.99 0.90 0.0 -1.0 0.0 0.0 -1.0 0.0 373.0 0.003 10.0
2.57 2.99 0.93 0.0 -1.0 0.0 0.0 -1.0 0.0 373.0 0.004 10.0
2.60 2.99 1.00 0.0 -1.0 0.0 0.0 -1.0 0.0 373.0 0.001 10.0
2.57 2.99 1.07 0.0 -1.0 0.0 0.0 -1.0 0.0 373.0 0.002 10.0
2.50 2.99 1.10 0.0 -1.0 0.0 0.0 -1.0 0.0 373.0 0.003 10.0
2.43 2.99 1.07 0.0 -1.0 0.0 0.0 -1.0 0.0 373.0 0.004 10.0
2.40 2.99 1.00 0.0 -1.0 0.0 0.0 -1.0 0.0 373.0 0.001 10.0
2.43 2.99 0.93 0.0 -1.0 0.0 0.0 -1.0 0.0 373.0 0.002 10.0
2.50 2.99 0.90 0.0 -1.0 0.0 0.0 -1.0 0.0 373.0 0.003 10.0
2.57 2.99 0.93 0.0 -1.0 0.0 0.0 -1.0 0.0 373.0 0.004 10.0
2.60 2.99 1.00 0.0 -1.0 0.0 0.0 -1.0 0.0 373.0 0.001 10.0
2.57 2.99 1.07 0.0 -1.0 0.0 0.0 -1.0 0.0 373.0 0.002 10.0
2.50 2.99 1.10 0.0 -1.0 0.0 0.0 -1.0 0.0 373.0 0.003 10.0
2.43 2.99 1.07 0.0 -1.0 0.0 0.0 -1.0 0.0 373.0 0.004 10.0
2.40 2.99 1.00 0.0 -1.0 0.0 0.0 -1.0 0.0 373.0 0.001 10.0
2.43 2.99 0.93 0.0 -1.0 0.0 0.0 -1.0 0.0 373.0 0.002 10.0
2.50 2.99 0.90 0.0 -1.0 0.0 0.0 -1.0 0.0 373.0 0.003 10.0
2.57 2.99 0.93 0.0 -1.0 0.0 0.0 -1.0 0.0 373.0 0.004 10.0
2.60 2.99 1.00 0.0 -1.0 0.0 0.0 -1.0 0.0 373.0 0.001 10.0
2.57 2.99 1.07 0.0 -1.0 0.0 0.0 -1.0 0.0 373.0 0.002 10.0
2.50 2.99 1.10 0.0 -1.0 0.0 0.0 -1.0 0.0 373.0 0.003 10.0
2.43 2.99 1.07 0.0 -1.0 0.0 0.0 -1.0 0.0 373.0 0.004 10.0
2.40 2.99 1.00 0.0 -1.0 0.0 0.0 -1.0 0.0 373.0 0.001 10.0
2.43 2.99 0.93 0.0 -1.0 0.0 0.0 -1.0 0.0 373.0 0.002 10.0
2.50 2.99 0.90 0.0 -1.0 0.0 0.0 -1.0 0.0 373.0 0.003 10.0
2.57 2.99 0.93 0.0 -1.0 0.0 0.0 -1.0 0.0 373.0 0.004 10.0
2.60 2.99 1.00 0.0 -1.0 0.0 0.0 -1.0 0.0 373.0 0.001 10.0
2.57 2.99 1.07 0.0 -1.0 0.0 0.0 -1.0 0.0 373.0 0.002 10.0
2.50 2.99 1.10 0.0 -1.0 0.0 0.0 -1.0 0.0 373.0 0.003 10.0
2.43 2.99 1.07 0.0 -1.0 0.0 0.0 -1.0 0.0 373.0 0.004 10.0
2.40 2.99 1.00 0.0 -1.0 0.0 0.0 -1.0 0.0 373.0 0.001 10.0
2.43 2.99 0.93 0.0 -1.0 0.0 0.0 -1.0 0.0 373.0 0.002 10.0
2.50 2.99 0.90 0.0 -1.0 0.0 0.0 -1.0 0.0 373.0 0.003 10.0
2.57 2.99 0.93 0.0 -1.0 0.0 0.0 -1.0 0.0 373.0 0.004 10.0
2.60 2.99 1.00 0.0 -1.0 0.0 0.0 -1.0 0.0 373.0 0.001 10.0
2.57 2.99 1.07 0.0 -1.0 0.0 0.0 -1.0 0.0 373.0 0.002 10.0
2.50 2.99 1.10 0.0 -1.0 0.0 0.0 -1.0 0.0 373.0 0.003 10.0
2.43 2.99 1.07 0.0 -1.0 0.0 0.0 -1.0 0.0 373.0 0.004 10.0
2.40 2.99 1.00 0.0 -1.0 0.0 0.0 -1.0 0.0 373.0 0.001 10.0
2.43 2.99 0.93 0.0 -1.0 0.0 0.0 -1.0 0.0 373.0 0.002 10.0
2.50 2.99 0.90 0.0 -1.0 0.0 0.0 -1.0 0.0 373.0 0.003 10.0
2.57 2.99 0.93 0.0 -1.0 0.0 0.0 -1.0 0.0 373.0 0.004 10.0
2.60 2.99 1.00 0.0 -1.0 0.0 0.0 -1.0 0.0 373.0 0.001 10.0
2.57 2.99 1.07 0.0 -1.0 0.0 0.0 -1.0 0.0 373.0 0.002 10.0
2.50 2.99 1.10 0.0 -1.0 0.0 0.0 -1.0 0.0 373.0 0.003 10.0
2.43 2.99 1.07 0.0 -1.0 0.0 0.0 -1.0 0.0 373.0 0.004 10.0
2.40 2.99 1.00 0.0 -1.0 0.0 0.0 -1.0 0.0 373.0 0.001 10.0
2.43 2.99 0.93 0.0 -1.0 0.0 0.0 -1.0 0.0 373.0 0.002 10.0
2.50 2.99 0.90 0.0 -1.0 0.0 0.0 -1.0 0.0 373.0 0.003 10.0
2.57 2.99 0.93 0.0 -1.0 0.0 0.0 -1.0 0.0 373.0 0.004 10.0
2.60 2.99 1.00 0.0 -1.0 0.0 0.0 -1.0 0.0 373.0 0.001 10.0
2.57 2.99 1.07 0.0 -1.0 0.0 0.0 -1.0 0.0 373.0 0.002 10.0
2.50 2.99 1.10 0.0 -1.0 0.0 0.0 -1.0 0.0 373.0 0.003 10.0
2.43 2.99 1.07 0.0 -1.0 0.0 0.0 -1.0 0.0 373.0 0.004 10.0
2.40 2.99 1.00 0.0 -1.0 0.0 0.0 -1.0 0.0 373.0 0.001 10.0
2.43 2.99 0.93 0.0 -1.0 0.0 0.0 -1.0 0.0 373.0 0.002 10.0
2.50 2.99 0.90 0.0 -1.0 0.0 0.0 -1.0 0.0 373.0 0.003 10.0
2.57 2.99 0.93 0.0 -1.0 0.0 0.0 -1.0 0.0 373.0 0.004 10.0
2.60 2.99 1.00 0.0 -1.0 0.0 0.0 -1.0 0.0 373.0 0.001 10.0
2.57 2.99 1.07 0.0 -1.0 0.0 0.0 -1.0 0.0 373.0 0.002 10.0
2.50 2.99 1.10 0.0 -1.0 0.0 0.0 -1.0 0.0 373.0 0.003 10.0
2.43 2.99 1.07 0.0 -1.0 0.0 0.0 -1.0 0.0 373.0 0.004 10.0
2.40 2.99 1.00 0.0 -1.0 0.0 0.0 -1.0 0.0 373.0 0.001 10.0
2.43 2.99 0.93 0.0 -1.0 0.0 0.0 -1.0 0.0 373.0 0.002 10.0
2.50 2.99 0.90 0.0 -1.0 0.0 0.0 -1.0 0.0 373.0 0.003 10.0
2.57 2.99 0.93 0.0 -1.0 0.0 0.0 -1.0 0.0 373.0 0.004 10.0
2.60 2.99 1.00 0.0 -1.0 0.0 0.0 -1.0 0.0 373.0 0.001 10.0
2.57 2.99 1.07 0.0 -1.0 0.0 0.0 -1.0 0.0 373.0 0.002 10.0
2.50 2.99 1.10 0.0 -1.0 0.0 0.0 -1.0 0.0 373.0 0.003 10.0
2.43 2.99 1.07 0.0 -1.0 0.0 0.0 -1.0 0.0 373.0 0.004 10.0
2.40 2.99 1.00 0.0 -1.0 0.0 0.0 -1.0 0.0 373.0 0.001 10.0
2.43 2.99 0.93 0.0 -1.0 0.0 0.0 -1.0 0.0 373.0 0.002 10.0
2.50 2.99 0.90 0.0 -1.0 0.0 0.0 -1.0 0.0 373.0 0.003 10.0
2.57 2.99 0.93 0.0 -1.0 0.0 0.0 -1.0 0.0 373.0 0.004 10.0
2.60 2.99 1.00 0.0 -1.0 0.0 0.0 -1.0 0.0 373.0 0.001 10.0
2.57 2.99 1.07 0.0 -1.0 0.0 0.0 -1.0 0.0 373.0 0.002 10.0
2.50 2.99 1.10 0.0 -1.0 0.0 0.0 -1.0 0.0 373.0 0.003 10.0
2.43 2.99 1.07 0.0 -1.0 0.0 0.0 -1.0 0.0 373.0 0.004 10.0
2.40 2.99 1.00 0.0 -1.0 0.0 0.0 -1.0 0.0 373.0 0.001 10.0
2.43 2.99 0.93 0.0 -1.0 0.0 0.0 -1.0 0.0 373.0 0.002 10.0
2.50 2.99 0.90 0.0 -1.0 0.0 0.0 -1.0 0.0 373.0 0.003 10.0
2.57 2.99 0.93 0.0 -1.0 0.0 0.0 -1.0 0.0 373.0 0.004 10.0
2.60 2.99 1.00 0.0 -1.0 0.0 0.0 -1.0 0.0 373.0 0.001 10.0
2.57 2.99 1.07 0.0 -1.0 0.0 0.0 -1.0 0.0 373.0 0.002 10.0
2.50 2.99 1.10 0.0 -1.0 0.0 0.0 -1.0 0.0 373.0 0.003 10.0
2.43 2.99 1.07 0.0 -1.0 0.0 0.0 -1.0 0.0 373.0 0.004 10.0
2.40 2.99 1.00 0.0 -1.0 0.0 0.0 -1.0 0.0 373.0 0.001 10.0
2.43 2.99 0.93 0.0 -1.0 0.0 0.0 -1.0 0.0 373.0 0.002 10.0
2.50 2.99 0.90 0.0 -1.0 0.0 0.0 -1.0 0.0 373.0 0.003 10.0
2.57 2.99 0.93 0.0 -1.0 0.0 0.0 -1.0 0.0 373.0 0.004 10.0
2.60 2.99 1.00 0.0 -1.0 0.0 0.0 -1.0 0.0 373.0 0.001 10.0
2.57 2.99 1.07 0.0 -1.0 0.0 0.0 -1.0 0.0 373.0 0.002 10.0
2.50 2.99 1.10 0.0 -1.0 0.0 0.0 -1.0 0.0 373.0 0.003 10.0
2.43 2.99 1.07 0.0 -1.0 0.0 0.0 -1.0 0.0 373.0 0.004 10.0
2.40 2.99 1.00 0.0 -1.0 0.0 0.0 -1.0 0.0 373.0 0.001 10.0
2.43 2.99 0.93 0.0 -1.0 0.0 0.0 -1.0 0.0 373.0 0.002 10.0
2.50 2.99 0.90 0.0 -1.0 0.0 0.0 -1.0 0.0 373.0 0.003 10.0
2.57 2.99 0.93 0.0 -1.0 0.0 0.0 -1.0 0.0 373.0 0.004 10.0
