6 3 1.7599543191e+00 1.7892602905e+00 1.4999850960e+00 3.2238664036e+00 8.7691070271e-01 6.4255753485e-02 5.1392672568e-05 6.5364637627e-02
6 3 1.7703092810e+00 1.7900204084e+00 1.4999856958e+00 3.2356616113e+00 8.7789568759e-01 6.4442944422e-02 5.0850585102e-05 6.4403452301e-02
6 3 1.7806600725e+00 1.7907822508e+00 1.4999867378e+00 3.2474568190e+00 8.7754211629e-01 6.4589151111e-02 8.8340031827e-05 6.4274474749e-02
6 3 1.7909876571e+00 1.7915351227e+00 1.4999882027e+00 3.2592334096e+00 8.7695878530e-01 6.3929529430e-02 1.2439185155e-04 6.3448545741e-02
6 3 1.8013160154e+00 1.7922896953e+00 1.4999903022e+00 3.2710100002e+00 8.7702447844e-01 6.4073944091e-02 1.7827587483e-04 6.3507456234e-02
6 3 1.8116358403e+00 1.7930345482e+00 1.4999921758e+00 3.2827819828e+00 8.7664290133e-01 6.3273357275e-02 1.5915618858e-04 6.2909063195e-02
6 3 1.8219554796e+00 1.7937797080e+00 1.4999939898e+00 3.2945539654e+00 8.7662712772e-01 6.3299433530e-02 1.5409053881e-04 6.3186244627e-02
6 3 1.8322534571e+00 1.7945195489e+00 1.4999955386e+00 3.3063039262e+00 8.7642653950e-01 6.2965390095e-02 1.3181556809e-04 6.2658363708e-02
6 3 1.8425515968e+00 1.7952582138e+00 1.4999969103e+00 3.3180538870e+00 8.7644034441e-01 6.2865305458e-02 1.1674260977e-04 6.2804257047e-02
6 3 1.8528469685e+00 1.7959891864e+00 1.4999978659e+00 3.3298034368e+00 8.7623542261e-01 6.2212822980e-02 8.1328509788e-05 6.2352078401e-02
6 3 1.8631405475e+00 1.7967206608e+00 1.4999985649e+00 3.3415529866e+00 8.7608283848e-01 6.2255526940e-02 5.9494241071e-05 6.2507328615e-02
6 3 1.8734081601e+00 1.7974446796e+00 1.4999990675e+00 3.3532777335e+00 8.7572147406e-01 6.1751329778e-02 4.2868970181e-05 6.1876930686e-02
6 3 1.8836737132e+00 1.7981702978e+00 1.4999995791e+00 3.3650024804e+00 8.7554581980e-01 6.1887750964e-02 4.3633434725e-05 6.2009341910e-02
6 3 1.8939363565e+00 1.7988915028e+00 1.4999999207e+00 3.3767272273e+00 8.7529764101e-01 6.1511350799e-02 2.9132307970e-05 6.1491873115e-02
6 3 1.9041969759e+00 1.7996116760e+00 1.5000003030e+00 3.3884519742e+00 8.7512502291e-01 6.1423346091e-02 3.2610100692e-05 6.1503992895e-02
6 3 1.9144314402e+00 1.8003262369e+00 1.5000007248e+00 3.4001530988e+00 8.7465645866e-01 6.1067711145e-02 3.6045024942e-05 6.1079039646e-02
6 3 1.9246633906e+00 1.8010429170e+00 1.5000012017e+00 3.4118542235e+00 8.7444162322e-01 6.1248827325e-02 4.0756544733e-05 6.1119180331e-02
6 3 2.0057032269e+00 1.8066039579e+00 1.5000100006e+00 3.5052540837e+00 8.6658776380e-01 5.9113453368e-02 8.6433455804e-05 5.9426966601e-02
6 3 2.0158497872e+00 1.8072801717e+00 1.5000092079e+00 3.5168973675e+00 8.7145177234e-01 5.8077584502e-02 -6.8075633666e-05 5.8840973086e-02
6 3 2.0260001295e+00 1.8079686488e+00 1.5000083749e+00 3.5285406513e+00 8.7177659216e-01 5.9130830480e-02 -7.1545092814e-05 5.9083410662e-02
6 3 2.0361388988e+00 1.8086508367e+00 1.5000081949e+00 3.5401720518e+00 8.7167227659e-01 5.8650535473e-02 -1.5478494923e-05 5.8631121717e-02
6 3 2.0462740810e+00 1.8093352689e+00 1.5000088504e+00 3.5518034523e+00 8.7136387198e-01 5.8843493865e-02 5.6355299815e-05 5.9115485783e-02
6 3 2.0563962848e+00 1.8100162290e+00 1.5000098343e+00 3.5634202714e+00 8.7134039997e-01 5.8618461774e-02 8.4700520642e-05 5.8719301528e-02
6 3 2.0665193013e+00 1.8106986310e+00 1.5000107148e+00 3.5750370905e+00 8.7141035902e-01 5.8742589908e-02 7.5794360593e-05 5.9152757552e-02
6 3 2.0766333508e+00 1.8113771140e+00 1.5000114002e+00 3.5866467996e+00 8.7117165083e-01 5.8441002911e-02 5.9032826903e-05 5.8823669029e-02
6 3 2.0867442764e+00 1.8120584405e+00 1.5000118931e+00 3.5982565087e+00 8.7090257727e-01 5.8685915339e-02 4.2455250214e-05 5.9263166904e-02
6 3 2.0968358338e+00 1.8127372129e+00 1.5000121716e+00 3.6098478313e+00 8.7061311712e-01 5.8558673396e-02 2.4026351593e-05 5.8877354920e-02
6 3 2.1069276754e+00 1.8134177729e+00 1.5000122102e+00 3.6214391538e+00 8.7063763275e-01 5.8712883519e-02 3.3355137126e-06 5.9239931241e-02
6 3 2.1170148198e+00 1.8140970688e+00 1.5000120702e+00 3.6330279973e+00 8.7041855501e-01 5.8616371747e-02 -1.2081496386e-05 5.8957781168e-02
6 3 2.1271004180e+00 1.8147783678e+00 1.5000120114e+00 3.6446168407e+00 8.7028514144e-01 5.8789211093e-02 -5.0713561157e-06 5.9262608136e-02
6 3 2.1371601885e+00 1.8154583253e+00 1.5000117727e+00 3.6561839995e+00 8.6968379102e-01 5.8783449739e-02 -2.0639996699e-05 5.9304791026e-02
6 3 2.1472195589e+00 1.8161392244e+00 1.5000116833e+00 3.6677511583e+00 8.6964919652e-01 5.8864847943e-02 -7.7263950316e-06 5.9391804439e-02
6 3 2.1572772188e+00 1.8168223062e+00 1.5000117876e+00 3.6793183171e+00 8.6950132411e-01 5.9053552191e-02 9.0158268841e-06 5.9421199751e-02
6 3 2.1673328846e+00 1.8175064508e+00 1.5000116222e+00 3.6908854758e+00 8.6932893869e-01 5.9145431296e-02 -1.4302515806e-05 5.9371980377e-02
6 3 2.1773655524e+00 1.8181891766e+00 1.5000118377e+00 3.7024299491e+00 8.6904508284e-01 5.9138763508e-02 1.8669229172e-05 5.9508604619e-02
6 3 2.1873956579e+00 1.8188724702e+00 1.5000118328e+00 3.7139744224e+00 8.6882313942e-01 5.9187938033e-02 -4.2233799557e-07 5.9569500229e-02
6 3 2.1974226130e+00 1.8195573306e+00 1.5000120299e+00 3.7255188957e+00 8.6855024447e-01 5.9323654637e-02 1.7071881119e-05 5.9616808434e-02
6 3 2.2074467340e+00 1.8202430631e+00 1.5000120660e+00 3.7370633690e+00 8.6830475000e-01 5.9399205790e-02 3.1233032080e-06 5.9655502182e-02
6 3 2.2174450684e+00 1.8209296122e+00 1.5000122366e+00 3.7485800074e+00 8.6816430362e-01 5.9613670703e-02 1.4819743332e-05 5.9803428462e-02
6 3 2.2274400020e+00 1.8216164212e+00 1.5000122649e+00 3.7600966459e+00 8.6786900999e-01 5.9636242351e-02 2.4494330097e-06 5.9826365579e-02
6 3 2.2374133621e+00 1.8223023940e+00 1.5000124990e+00 3.7715956550e+00 8.6732343789e-01 5.9654949558e-02 2.0364984685e-05 5.9951735016e-02
6 3 2.2473840801e+00 1.8229908004e+00 1.5000126022e+00 3.7830946641e+00 8.6709367098e-01 5.9866577437e-02 8.9760207392e-06 6.0037002326e-02
6 3 2.2573150087e+00 1.8236779471e+00 1.5000127855e+00 3.7945510690e+00 8.6684510977e-01 5.9979269043e-02 1.5999159358e-05 6.0120341120e-02
6 3 2.2672390295e+00 1.8243662861e+00 1.5000128387e+00 3.8060074738e+00 8.6624215142e-01 6.0083334007e-02 4.6369953045e-06 6.0141914048e-02
4 2 2.6686643349e+00 1.7507431648e+00 1.4999607513e+00 3.8060074738e+00 9.5075890221e-01 7.9342173895e-02 -3.8653837437e-05 8.5532207229e-02
6 3 2.2771587453e+00 1.8250533247e+00 1.5000130291e+00 3.8174638556e+00 8.6586812690e-01 5.9969938122e-02 1.6624368906e-05 6.0264901825e-02
4 2 2.6797082035e+00 1.7516744977e+00 1.4999603282e+00 3.8174638556e+00 9.6399271218e-01 8.1293810118e-02 -3.6931898302e-05 8.4765409491e-02
6 3 2.2870748518e+00 1.8257420451e+00 1.5000131117e+00 3.8289202374e+00 8.6555307593e-01 6.0116745750e-02 7.2087445734e-06 6.0301420095e-02
4 2 2.6907397278e+00 1.7526032274e+00 1.4999598656e+00 3.8289202374e+00 9.6291520908e-01 8.1066577728e-02 -4.0373899445e-05 8.4462465291e-02
6 3 2.2969413973e+00 1.8264303276e+00 1.5000132881e+00 3.8403288234e+00 8.6483508664e-01 6.0330222890e-02 1.5464969259e-05 6.0395234526e-02
4 2 2.7016920436e+00 1.7535217187e+00 1.4999592664e+00 3.8403288234e+00 9.6000642596e-01 8.0508781750e-02 -5.2525367526e-05 8.3924550330e-02
6 3 2.3068038138e+00 1.8271175197e+00 1.5000133791e+00 3.8517374094e+00 8.6447317170e-01 6.0234639885e-02 7.9713803973e-06 6.0371021878e-02
4 2 2.7126266235e+00 1.7544409602e+00 1.4999585772e+00 3.8517374094e+00 9.5845180720e-01 8.0574529768e-02 -6.0409735575e-05 8.4206734620e-02
6 3 2.3166503306e+00 1.8278046124e+00 1.5000135154e+00 3.8631300828e+00 8.6428501016e-01 6.0310049870e-02 1.1964456926e-05 6.0467042456e-02
4 2 2.7235270697e+00 1.7553640487e+00 1.4999581270e+00 3.8631300828e+00 9.5679440884e-01 8.1024755130e-02 -3.9516992359e-05 8.3773109191e-02
6 3 2.3264890332e+00 1.8284930669e+00 1.5000135723e+00 3.8745227562e+00 8.6359910995e-01 6.0429585856e-02 4.9997087663e-06 6.0479490503e-02
4 2 2.7344103363e+00 1.7562890649e+00 1.4999575759e+00 3.8745227562e+00 9.5528645900e-01 8.1193950112e-02 -4.8371235296e-05 8.4187365187e-02
5 5 2.1878217250e+00 1.5083816449e+00 4.9688601973e-01 1.6309474265e-01 1.1524549987e+00 4.8257236612e-02 -1.0446045326e-02 5.1909689327e-02
5 5 2.1982662952e+00 1.5087891738e+00 4.9681961507e-01 1.7214192685e-01 1.1544553491e+00 4.5044825092e-02 -7.3398153251e-03 4.9544354443e-02
5 5 2.2094937801e+00 1.5092207791e+00 4.9677128866e-01 1.8186142483e-01 1.1551506948e+00 4.4406134245e-02 -4.9721099686e-03 4.2921284033e-02
5 5 2.2207376157e+00 1.5095791655e+00 4.9673361244e-01 1.9158092280e-01 1.1568329641e+00 3.6872931140e-02 -3.8763547623e-03 3.5888222491e-02
5 5 2.2324138999e+00 1.5099334119e+00 4.9671555681e-01 2.0167079602e-01 1.1572280368e+00 3.5109104884e-02 -1.7894804707e-03 3.3371951901e-02
5 5 2.2441026065e+00 1.5102636773e+00 4.9672168561e-01 2.1176066923e-01 1.1584592127e+00 3.2732366028e-02 6.0742117255e-04 2.4997942122e-02
6 2 7.6999356686e-01 2.1732176614e-01 1.4993492175e+00 3.2253900337e+00 8.9397706314e-01 -6.1031421887e-02 8.3795739986e-04 -6.1652857407e-02
6 2 7.8049955812e-01 2.1660071994e-01 1.4993571009e+00 3.2371583645e+00 8.9273419440e-01 -6.1270049086e-02 6.6987820718e-04 -6.0834591497e-02
6 2 7.9100409875e-01 2.1587638458e-01 1.4993661979e+00 3.2489266952e+00 8.9261092805e-01 -6.1549541486e-02 7.7300997246e-04 -6.0982013355e-02
6 2 8.0149804131e-01 2.1515636195e-01 1.4993761952e+00 3.2606880613e+00 8.9223840944e-01 -6.1219303001e-02 8.5000556037e-04 -6.0376013181e-02
6 2 8.1199287781e-01 2.1443807691e-01 1.4993864675e+00 3.2724494274e+00 8.9231441564e-01 -6.1071565485e-02 8.7339449176e-04 -6.0675668175e-02
6 2 8.2246792908e-01 2.1372843523e-01 1.4993965984e+00 3.2841945100e+00 8.9186697118e-01 -6.0420322420e-02 8.6256345735e-04 -6.0381848754e-02
6 2 8.3294215224e-01 2.1301619751e-01 1.4994068341e+00 3.2959395926e+00 8.9179646392e-01 -6.0641354894e-02 8.7148910034e-04 -6.0621195735e-02
6 2 8.4340508553e-01 2.1231032661e-01 1.4994168609e+00 3.3076748806e+00 8.9157874309e-01 -6.0149431092e-02 8.5442092560e-04 -6.0158647944e-02
6 2 8.5386757565e-01 2.1160362962e-01 1.4994268927e+00 3.3194101686e+00 8.9154097950e-01 -6.0219825590e-02 8.5483777480e-04 -6.0458502996e-02
6 2 8.6431616391e-01 2.1090244540e-01 1.4994366906e+00 3.3311325685e+00 8.9133525086e-01 -5.9815756079e-02 8.3582905042e-04 -5.9961315682e-02
6 2 8.7476394237e-01 2.1020193753e-01 1.4994467060e+00 3.3428549684e+00 8.9126616910e-01 -5.9758059528e-02 8.5438120537e-04 -6.0010998907e-02
6 2 8.8519729535e-01 2.0950551450e-01 1.4994567346e+00 3.3545646946e+00 8.9099888511e-01 -5.9473895741e-02 8.5642974149e-04 -5.9584924914e-02
6 2 8.9562993191e-01 2.0880593073e-01 1.4994669443e+00 3.3662744208e+00 8.9093770285e-01 -5.9743819003e-02 8.7190350330e-04 -5.9679119139e-02
3 3 5.9072925090e-03 1.8037588579e+00 1.5281670392e+00 3.5063441949e+00 8.8161610509e-01 5.0326058950e-02 -1.4054029340e-03 5.0896817121e-02
3 3 1.6241004720e-02 1.8043361107e+00 1.5281423456e+00 3.5179864207e+00 8.8760623529e-01 4.9582685266e-02 -2.1210364520e-03 5.0366563394e-02
3 3 2.6576632967e-02 1.8049204074e+00 1.5281208807e+00 3.5296286465e+00 8.8777081173e-01 5.0187713892e-02 -1.8437165576e-03 5.0519869632e-02
3 3 3.6896446065e-02 1.8055014354e+00 1.5281000765e+00 3.5412506356e+00 8.8795584045e-01 4.9993847940e-02 -1.7900730383e-03 5.0092546202e-02
3 3 4.7216733104e-02 1.8060833343e+00 1.5280798300e+00 3.5528726247e+00 8.8799662015e-01 5.0068788816e-02 -1.7420854760e-03 5.0243412283e-02
3 3 5.7534773610e-02 1.8066634338e+00 1.5280599113e+00 3.5644911143e+00 8.8807072699e-01 4.9928996725e-02 -1.7143944014e-03 5.0135228231e-02
3 3 6.7856870982e-02 1.8072458669e+00 1.5280378398e+00 3.5761096039e+00 8.8841990018e-01 5.0129846530e-02 -1.8996830341e-03 5.0596264209e-02
3 3 7.8161194942e-02 1.8078244962e+00 1.5280150984e+00 3.5877107434e+00 8.8821653982e-01 4.9876930487e-02 -1.9602725054e-03 5.0324519609e-02
3 3 8.8466908318e-02 1.8084071173e+00 1.5279924384e+00 3.5993118828e+00 8.8833630534e-01 5.0221026240e-02 -1.9532634303e-03 5.0938014993e-02
6 3 1.7507836723e+00 1.7813632381e+00 1.4999873752e+00 3.2029035385e+00 8.9336550096e-01 6.2322199482e-02 -2.2649690904e-05 6.3079684468e-02
6 3 1.7613448810e+00 1.7820830576e+00 1.4999880627e+00 3.2147423685e+00 8.9208213600e-01 6.0801573057e-02 5.8072224669e-05 6.2172777021e-02
6 3 1.7719014322e+00 1.7828230292e+00 1.4999885099e+00 3.2265811984e+00 8.9168872765e-01 6.2503779317e-02 3.7771604583e-05 6.2185044448e-02
6 3 1.7824387609e+00 1.7835543134e+00 1.4999893291e+00 3.2384087257e+00 8.9091561301e-01 6.1829003596e-02 6.9261555017e-05 6.1383210753e-02
6 3 1.7929748684e+00 1.7842891431e+00 1.4999905410e+00 3.2502362529e+00 8.9081236723e-01 6.2128764280e-02 1.0246331836e-04 6.1575166607e-02
6 3 1.8034926956e+00 1.7850186948e+00 1.4999920071e+00 3.2620484697e+00 8.9041941044e-01 6.1762473955e-02 1.2412042237e-04 6.0977975161e-02
6 3 1.8140109489e+00 1.7857464478e+00 1.4999935158e+00 3.2738606865e+00 8.9045549692e-01 6.1610193030e-02 1.2772637760e-04 6.1317074249e-02
6 3 1.8245166938e+00 1.7864668582e+00 1.4999948643e+00 3.2856656639e+00 8.8994197540e-01 6.1025989827e-02 1.1422408984e-04 6.1048113689e-02
6 3 1.8350211202e+00 1.7871895558e+00 1.4999962444e+00 3.2974706413e+00 8.8983028050e-01 6.1219737766e-02 1.1691434228e-04 6.1227321863e-02
6 3 1.8455066612e+00 1.7879057206e+00 1.4999972768e+00 3.3092569913e+00 8.8963427889e-01 6.0762217685e-02 8.7594358083e-05 6.0787787427e-02
6 3 1.8559909794e+00 1.7886228444e+00 1.4999981550e+00 3.3210433414e+00 8.8953053317e-01 6.0843583558e-02 7.4504109136e-05 6.1125183431e-02
6 3 1.8664694621e+00 1.7893343215e+00 1.4999985711e+00 3.3328264681e+00 8.8927862184e-01 6.0381011052e-02 3.5319347070e-05 6.0537898080e-02
6 3 1.8769467737e+00 1.7900455661e+00 1.4999990643e+00 3.3446095948e+00 8.8917923441e-01 6.0361281490e-02 4.1851471483e-05 6.0627339284e-02
6 3 1.8874007286e+00 1.7907527281e+00 1.4999994942e+00 3.3563710739e+00 8.8882995187e-01 6.0125259942e-02 3.6548510743e-05 6.0225146970e-02
6 3 1.8978538344e+00 1.7914622566e+00 1.4999999825e+00 3.3681325530e+00 8.8875775668e-01 6.0326468483e-02 4.1516938726e-05 6.0263343099e-02
6 3 1.9083051654e+00 1.7921663318e+00 1.5000003592e+00 3.3798940322e+00 8.8860685395e-01 5.9862808955e-02 3.2028913167e-05 5.9835191245e-02
6 3 1.9187556832e+00 1.7928709598e+00 1.5000008041e+00 3.3916555113e+00 8.8853771611e-01 5.9909816758e-02 3.7830552421e-05 6.0085742048e-02
6 3 1.9291816203e+00 1.7935724150e+00 1.5000012417e+00 3.4033935542e+00 8.8821766622e-01 5.9759128944e-02 3.7283980015e-05 5.9665477176e-02
6 3 1.9396068440e+00 1.7942738343e+00 1.5000016799e+00 3.4151315972e+00 8.8815688753e-01 5.9756061579e-02 3.7324413415e-05 5.9761396831e-02
6 3 2.1560210894e+00 1.8086482991e+00 1.5000110815e+00 3.6603360387e+00 8.8048463899e-01 5.9055523687e-02 1.9732816289e-05 5.9572160055e-02
6 3 2.1662429862e+00 1.8093351873e+00 1.5000113600e+00 3.6719487141e+00 8.8023615748e-01 5.9149859303e-02 2.3984594829e-05 5.9728952650e-02
6 3 2.1764570883e+00 1.8100221833e+00 1.5000117165e+00 3.6835590004e+00 8.7974593261e-01 5.9171327151e-02 3.0706160801e-05 5.9722012105e-02
6 3 2.1866687860e+00 1.8107094905e+00 1.5000120381e+00 3.6951692866e+00 8.7953884260e-01 5.9198126593e-02 2.7697566265e-05 5.9853789434e-02
6 3 2.1968569520e+00 1.8113966871e+00 1.5000123282e+00 3.7067593038e+00 8.7904666475e-01 5.9292111957e-02 2.5034065189e-05 5.9968519135e-02
6 3 2.2070374146e+00 1.8120848181e+00 1.5000126291e+00 3.7183493210e+00 8.7838200903e-01 5.9372735238e-02 2.5962190121e-05 5.9985247053e-02
6 3 2.2172147184e+00 1.8127735845e+00 1.5000129122e+00 3.7299393382e+00 8.7810947082e-01 5.9427551665e-02 2.4420716941e-05 6.0097885761e-02
6 3 2.2273891012e+00 1.8134650696e+00 1.5000131903e+00 3.7415293554e+00 8.7785743183e-01 5.9662130509e-02 2.3998651328e-05 6.0252479831e-02
6 3 2.2375378047e+00 1.8141566630e+00 1.5000134367e+00 3.7530979440e+00 8.7726375883e-01 5.9782003570e-02 2.1301162151e-05 6.0251828805e-02
6 3 2.2476810686e+00 1.8148463498e+00 1.5000136805e+00 3.7646665326e+00 8.7679355111e-01 5.9617199922e-02 2.1075587044e-05 6.0293102999e-02
6 3 2.2578128325e+00 1.8155377269e+00 1.5000139125e+00 3.7762287501e+00 8.7628208188e-01 5.9796231043e-02 2.0065664219e-05 6.0501554343e-02
6 3 2.2679365357e+00 1.8162326730e+00 1.5000141438e+00 3.7877909675e+00 8.7558491159e-01 6.0104917529e-02 2.0002134647e-05 6.0487959069e-02
6 3 2.2780214265e+00 1.8169238262e+00 1.5000143450e+00 3.7993155696e+00 8.7507496785e-01 5.9971974885e-02 1.7461371333e-05 6.0324098222e-02
6 3 2.2881030948e+00 1.8176152092e+00 1.5000145542e+00 3.8108401718e+00 8.7479533984e-01 5.9991920872e-02 1.8150660233e-05 6.0532251846e-02
6 3 2.2981709673e+00 1.8183078206e+00 1.5000147658e+00 3.8223591380e+00 8.7402570430e-01 6.0127917344e-02 1.8367088425e-05 6.0632378377e-02
6 3 2.3082298272e+00 1.8189981908e+00 1.5000149773e+00 3.8338781042e+00 8.7324328526e-01 5.9933345700e-02 1.8365629794e-05 6.0236833886e-02
6 3 2.3182407476e+00 1.8196854473e+00 1.5000151760e+00 3.8453475516e+00 8.7283371606e-01 5.9920630052e-02 1.7320292559e-05 6.0399054778e-02
6 3 2.3282451189e+00 1.8203750660e+00 1.5000153698e+00 3.8568169990e+00 8.7226270817e-01 6.0126580272e-02 1.6901453701e-05 6.0672456155e-02
6 3 2.3382334474e+00 1.8210615940e+00 1.5000155382e+00 3.8682768303e+00 8.7159472550e-01 5.9907339480e-02 1.4693987378e-05 5.9998024134e-02
6 3 2.3482151276e+00 1.8217435665e+00 1.5000156913e+00 3.8797366616e+00 8.7101458844e-01 5.9509820481e-02 1.3353270958e-05 5.9968872519e-02
