3 3 3.7599599393e+00 1.7892607370e+00 1.4999579614e+00 3.2238664036e+00 8.7695951422e-01 6.4252160831e-02 -9.1045314114e-05 6.5357992340e-02
3 3 3.7703155214e+00 1.7900207878e+00 1.4999575378e+00 3.2356616113e+00 8.7794826289e-01 6.4437253573e-02 -3.5912485760e-05 6.4396951640e-02
3 3 3.7806669464e+00 1.7907825391e+00 1.4999576055e+00 3.2474568190e+00 8.7759582153e-01 6.4581421962e-02 5.7389865558e-06 6.4267095775e-02
3 3 3.7909951848e+00 1.7915353001e+00 1.4999579300e+00 3.2592334096e+00 8.7701430411e-01 6.3920110025e-02 2.7555600743e-05 6.3440156866e-02
3 3 3.8013242327e+00 1.7922897495e+00 1.4999589461e+00 3.2710100002e+00 8.7708304153e-01 6.4063481866e-02 8.6285642677e-05 6.3498032036e-02
3 3 3.8116448019e+00 1.7930344681e+00 1.4999597552e+00 3.2827819828e+00 8.7670612162e-01 6.3261957320e-02 6.8728901574e-05 6.2899304505e-02
3 3 3.8219652105e+00 1.7937794693e+00 1.4999605251e+00 3.2945539654e+00 8.7669247465e-01 6.3285958043e-02 6.5399758108e-05 6.3175528748e-02
3 3 3.8322639834e+00 1.7945191317e+00 1.4999610168e+00 3.3063039262e+00 8.7649423687e-01 6.2950197289e-02 4.1844649250e-05 6.2646901728e-02
3 3 3.8425629761e+00 1.7952576220e+00 1.4999613576e+00 3.3180538870e+00 8.7651294172e-01 6.2850451774e-02 2.9004814995e-05 6.2791934725e-02
3 3 3.8528592547e+00 1.7959884409e+00 1.4999613445e+00 3.3298034368e+00 8.7631261039e-01 6.2199734973e-02 -1.1124299034e-06 6.2339241790e-02
3 3 3.8631537704e+00 1.7967197215e+00 1.4999611040e+00 3.3415529866e+00 8.7616256145e-01 6.2239034038e-02 -2.0468479139e-05 6.2492988197e-02
3 3 3.8734224014e+00 1.7974435381e+00 1.4999608701e+00 3.3532777335e+00 8.7580833211e-01 6.1734091409e-02 -1.9944783622e-05 6.1863042523e-02
3 3 3.8836890011e+00 1.7981689187e+00 1.4999606635e+00 3.3650024804e+00 8.7563508174e-01 6.1867481546e-02 -1.7628150133e-05 6.1994647455e-02
3 3 3.8939527203e+00 1.7988898884e+00 1.4999604900e+00 3.3767272273e+00 8.7538940515e-01 6.1491284930e-02 -1.4795379658e-05 6.1476553689e-02
3 3 3.9042144722e+00 1.7996098067e+00 1.4999603800e+00 3.3884519742e+00 8.7522161325e-01 6.1401600625e-02 -9.3841947786e-06 6.1488038041e-02
3 3 3.9144501504e+00 1.8003241440e+00 1.4999603175e+00 3.4001530988e+00 8.7476020295e-01 6.1048608617e-02 -5.3368383463e-06 6.1063365057e-02
3 3 3.9246833587e+00 1.8010405735e+00 1.4999603167e+00 3.4118542235e+00 8.7454912310e-01 6.1227398612e-02 -6.9536056162e-08 6.1102533098e-02
2 5 2.3363772802e+00 1.7082203045e-01 4.9999562951e-01 3.8858917761e+00 8.6294671008e-01 -6.0404578980e-02 5.0491843335e-05 -6.0367533116e-02
4 4 2.7454257408e+00 2.4271843427e-01 5.0013042589e-01 3.8858917761e+00 9.5315425542e-01 -8.2030140293e-02 3.2330025168e-04 -8.3361277790e-02
2 5 2.3461804948e+00 1.7013606851e-01 4.9999603138e-01 3.8972607961e+00 8.6227437623e-01 -6.0336066028e-02 3.5347381182e-05 -6.0355155599e-02
4 4 2.7562486386e+00 2.4179205790e-01 5.0013467145e-01 3.8972607961e+00 9.5196399943e-01 -8.1482517300e-02 3.7343203917e-04 -8.3141110426e-02
2 5 2.3559516363e+00 1.6945005868e-01 4.9999641059e-01 3.9086020023e+00 8.6156104679e-01 -6.0488260363e-02 3.3436924897e-05 -6.0447757787e-02
4 4 2.7670143767e+00 2.4087210440e-01 5.0013879202e-01 3.9086020023e+00 9.4925865890e-01 -8.1116019446e-02 3.6332728785e-04 -8.2750974677e-02
2 5 2.3657120091e+00 1.6876304279e-01 4.9999670666e-01 3.9199432085e+00 8.6061153149e-01 -6.0576967972e-02 2.6105429300e-05 -6.0234586187e-02
4 4 2.7777649761e+00 2.3995061567e-01 5.0014362446e-01 3.9199432085e+00 9.4792381018e-01 -8.1251386929e-02 4.2609576477e-04 -8.2935774126e-02
2 5 2.3754635868e+00 1.6808040099e-01 4.9999724492e-01 3.9312844147e+00 8.5983602712e-01 -6.0191288020e-02 4.7460798956e-05 -6.0125405579e-02
4 4 2.7884995036e+00 2.3902645006e-01 5.0014781089e-01 3.9312844147e+00 9.4650668061e-01 -8.1487417599e-02 3.6913478129e-04 -8.2341654134e-02
2 5 2.3852084170e+00 1.6739792610e-01 4.9999773265e-01 3.9426256209e+00 8.5924107758e-01 -6.0176570194e-02 4.3004739215e-05 -6.0187065879e-02
4 4 2.7992121274e+00 2.3809949188e-01 5.0015241386e-01 3.9426256209e+00 9.4457535731e-01 -8.1733650416e-02 4.0586281355e-04 -8.2580847603e-02
2 5 2.3949143776e+00 1.6671487372e-01 4.9999842778e-01 3.9539330127e+00 8.5837307172e-01 -6.0407597973e-02 6.1475748960e-05 -6.0039053088e-02
4 4 2.8098734482e+00 2.3717345927e-01 5.0015685212e-01 3.9539330127e+00 9.4286294365e-01 -8.1896216676e-02 3.9250925175e-04 -8.1934574175e-02
2 5 2.4046105622e+00 1.6603694770e-01 4.9999904636e-01 3.9652404045e+00 8.5750849617e-01 -5.9954234503e-02 5.4705982832e-05 -5.9705892590e-02
4 4 2.8205144894e+00 2.3625363389e-01 5.0016186121e-01 3.9652404045e+00 9.4106947304e-01 -8.1347263819e-02 4.4299239705e-04 -8.1792894540e-02
2 5 2.4143005604e+00 1.6536124721e-01 4.9999984137e-01 3.9765476081e+00 8.5697565758e-01 -5.9758408270e-02 7.0309643489e-05 -5.9683032094e-02
4 4 2.8311326993e+00 2.3533750245e-01 5.0016667976e-01 3.9765476081e+00 9.3906595118e-01 -8.1021928332e-02 4.2614835711e-04 -8.1560737861e-02
2 5 2.4239827854e+00 1.6468487214e-01 5.0000057359e-01 3.9878548116e+00 8.5628819334e-01 -5.9818067739e-02 6.4757402546e-05 -5.9654035580e-02
4 4 2.8417374555e+00 2.3442044935e-01 5.0017224472e-01 3.9878548116e+00 9.3787611782e-01 -8.1103439524e-02 4.9216137167e-04 -8.1571703614e-02
2 5 2.4336371034e+00 1.6401365362e-01 5.0000152761e-01 3.9991391632e+00 8.5554920949e-01 -5.9482240839e-02 8.4543325881e-05 -5.9158532359e-02
4 4 2.8523016320e+00 2.3350249215e-01 5.0017713200e-01 3.9991391632e+00 9.3617931588e-01 -8.1347801858e-02 4.3310164188e-04 -8.1294249341e-02
2 5 2.4432836500e+00 1.6334696180e-01 5.0000239995e-01 4.0104235147e+00 8.5486052530e-01 -5.9081093529e-02 7.7305634519e-05 -5.8921324762e-02
4 4 2.8628425744e+00 2.3258589904e-01 5.0018237659e-01 4.0104235147e+00 9.3412034787e-01 -8.1226919883e-02 4.6476699458e-04 -8.1767689438e-02
2 5 2.4529115878e+00 1.6268127527e-01 5.0000352893e-01 4.0216923505e+00 8.5438619408e-01 -5.9073229545e-02 1.0018618129e-04 -5.9046778574e-02
4 4 2.8733565667e+00 2.3167121296e-01 5.0018737715e-01 4.0216923505e+00 9.3301495334e-01 -8.1169527130e-02 4.4375138015e-04 -8.1662526126e-02
2 5 2.4625311379e+00 1.6201796389e-01 5.0000458868e-01 4.0329611863e+00 8.5364187103e-01 -5.8862459043e-02 9.4042168427e-05 -5.8406165634e-02
4 4 2.8838456019e+00 2.3076131214e-01 5.0019284962e-01 4.0329611863e+00 9.3080024966e-01 -8.0744882592e-02 4.8562862117e-04 -8.1842242518e-02
2 5 2.4721441155e+00 1.6136062369e-01 5.0000573211e-01 4.0442300221e+00 8.5305863258e-01 -5.8332573570e-02 1.0146847213e-04 -5.8016262297e-02
4 4 2.8943192675e+00 2.2985511405e-01 5.0019833899e-01 4.0442300221e+00 9.2943635115e-01 -8.0416300758e-02 4.8712817121e-04 -8.1981634860e-02
2 5 2.4817534345e+00 1.6070553764e-01 5.0000686335e-01 4.0554988579e+00 8.5273396061e-01 -5.8132540165e-02 1.0038616154e-04 -5.7897981863e-02
4 4 2.9047774463e+00 2.2894621297e-01 5.0020427281e-01 4.0554988579e+00 9.2806204727e-01 -8.0656165131e-02 5.2656914967e-04 -8.2119007874e-02
2 5 2.4913406966e+00 1.6005247747e-01 5.0000812595e-01 4.0667495408e+00 8.5214935192e-01 -5.8046269641e-02 1.1222482694e-04 -5.7492521499e-02
4 4 2.9152002661e+00 2.2803979336e-01 5.0020961265e-01 4.0667495408e+00 9.2641663145e-01 -8.0565741031e-02 4.7462395069e-04 -8.1788365586e-02
2 5 2.5009201745e+00 1.5940648592e-01 5.0000940391e-01 4.0780002237e+00 8.5145745587e-01 -5.7417985207e-02 1.1358891150e-04 -5.6946344426e-02
4 4 2.9256051786e+00 2.2714048520e-01 5.0021524311e-01 4.0780002237e+00 9.2482497470e-01 -7.9933651723e-02 5.0045440900e-04 -8.2087349399e-02
2 5 2.5104963854e+00 1.5876478835e-01 5.0001077678e-01 4.0892509066e+00 8.5116707688e-01 -5.7036322504e-02 1.2202614833e-04 -5.6664205749e-02
4 4 2.9359973205e+00 2.2623881279e-01 5.0022074007e-01 4.0892509066e+00 9.2368987876e-01 -8.0143793262e-02 4.8858963278e-04 -8.1916476682e-02
2 5 2.5200684099e+00 1.5812327226e-01 5.0001213783e-01 4.1005015895e+00 8.5079497831e-01 -5.7020191074e-02 1.2097451206e-04 -5.6319210100e-02
4 4 2.9463705080e+00 2.2534195635e-01 5.0022672003e-01 4.1005015895e+00 9.2200514078e-01 -7.9715733325e-02 5.3151917880e-04 -8.1919354161e-02
3 7 5.5530791246e-01 1.4975590106e+00 1.3536690710e-02 4.6353578660e-02 1.0108881853e+00 -8.5472246734e-02 2.7870424321e-01 -8.5439229941e-02
5 5 2.2563871468e+00 1.5105055390e+00 4.9674832420e-01 2.2235098462e-01 1.1599787049e+00 2.2838004135e-02 2.5153726272e-03 1.8673726816e-02
5 5 2.2686169443e+00 1.5107306323e+00 4.9675910297e-01 2.3294130000e-01 1.1548095688e+00 2.1254637102e-02 1.0177952637e-03 1.5095292045e-02
5 5 2.2811608740e+00 1.5108851631e+00 4.9680952997e-01 2.4378813749e-01 1.1564596292e+00 1.4246627187e-02 4.6490051221e-03 7.9248650295e-03
5 5 2.2936766690e+00 1.5109688307e+00 4.9688954308e-01 2.5463497499e-01 1.1538658158e+00 7.7135451789e-03 7.3766299281e-03 3.2874277394e-03
5 5 2.3067174366e+00 1.5110588882e+00 4.9697099941e-01 2.6598443176e-01 1.1490212997e+00 7.9349608549e-03 7.1771127579e-03 -5.0790685641e-04
5 5 2.3197762832e+00 1.5110671151e+00 4.9706828556e-01 2.7733388854e-01 1.1506142417e+00 7.2487434442e-04 8.5718766713e-03 -5.9094358093e-03
5 5 2.3337316559e+00 1.5110136180e+00 4.9718674135e-01 2.8953458241e-01 1.1438179561e+00 -4.3847606392e-03 9.7089389082e-03 -8.7538491000e-03
5 5 2.3476489553e+00 1.5109411357e+00 4.9731565315e-01 3.0173527629e-01 1.1406973719e+00 -5.9408342104e-03 1.0565940052e-02 -1.2346135552e-02
5 5 2.3616673776e+00 1.5108144977e+00 4.9746042542e-01 3.1405180942e-01 1.1381792371e+00 -1.0281955652e-02 1.1754303604e-02 -1.5613601512e-02
5 5 2.3756200417e+00 1.5106630624e+00 4.9759858306e-01 3.2636834255e-01 1.1328402155e+00 -1.2295280166e-02 1.1217250902e-02 -1.6717116715e-02
5 5 2.3895789572e+00 1.5104823212e+00 4.9775651317e-01 3.3871517986e-01 1.1305660879e+00 -1.4638663684e-02 1.2791138678e-02 -1.9869442481e-02
5 5 2.4034949173e+00 1.5102805016e+00 4.9791556515e-01 3.5106201716e-01 1.1270870244e+00 -1.6345856285e-02 1.2882002085e-02 -1.9562494291e-02
5 5 2.4174130905e+00 1.5100593863e+00 4.9806635623e-01 3.6345120256e-01 1.1234130969e+00 -1.7847444863e-02 1.2171185949e-02 -2.1390263672e-02
5 5 2.4313036469e+00 1.5098256700e+00 4.9823059428e-01 3.7584038796e-01 1.1211840027e+00 -1.8864543132e-02 1.3256565324e-02 -2.1083112945e-02
6 3 1.7673877986e+00 1.7840226769e+00 1.4989516302e+00 3.2489266952e+00 8.8269028182e-01 5.4428644674e-02 -4.6534066630e-03 5.4989685984e-02
6 3 1.7777673680e+00 1.7846620724e+00 1.4988974612e+00 3.2606880613e+00 8.8251393579e-01 5.4364048315e-02 -4.6056741514e-03 5.3912359175e-02
6 3 1.7881456184e+00 1.7853018402e+00 1.4988425419e+00 3.2724494274e+00 8.8240177885e-01 5.4395703928e-02 -4.6694702189e-03 5.3822967481e-02
6 3 1.7985076601e+00 1.7859364335e+00 1.4987866996e+00 3.2841945100e+00 8.8224510765e-01 5.4030557995e-02 -4.7545264670e-03 5.2961980609e-02
6 3 1.8088701135e+00 1.7865688334e+00 1.4987295558e+00 3.2959395926e+00 8.8228016120e-01 5.3843793686e-02 -4.8653332711e-03 5.3055951439e-02
6 3 1.8192242084e+00 1.7871953371e+00 1.4986713051e+00 3.3076748806e+00 8.8230429228e-01 5.3386315477e-02 -4.9637251846e-03 5.2492800745e-02
6 3 1.8295796654e+00 1.7878189022e+00 1.4986119371e+00 3.3194101686e+00 8.8242035683e-01 5.3135893505e-02 -5.0589310059e-03 5.2607135235e-02
6 3 1.8399245857e+00 1.7884358896e+00 1.4985517193e+00 3.3311325685e+00 8.8249167338e-01 5.2633198685e-02 -5.1369807289e-03 5.1893333014e-02
6 3 1.8502702059e+00 1.7890485578e+00 1.4984904289e+00 3.3428549684e+00 8.8255137665e-01 5.2264743965e-02 -5.2284848931e-03 5.1901273078e-02
6 3 1.8606048612e+00 1.7896541697e+00 1.4984283378e+00 3.3545646946e+00 8.8257019231e-01 5.1718705220e-02 -5.3025240070e-03 5.1271442608e-02
6 3 1.8709408111e+00 1.7902560962e+00 1.4983651738e+00 3.3662744208e+00 8.8268074958e-01 5.1403982770e-02 -5.3941529926e-03 5.1107246485e-02
6 2 1.0196074842e+00 2.0070051902e-01 1.4996184362e+00 3.5063441949e+00 8.8308450034e-01 -5.7525207435e-02 1.1629870758e-03 -5.8313962509e-02
6 2 1.0299236435e+00 2.0002253925e-01 1.4996297376e+00 3.5179864207e+00 8.8609854157e-01 -5.8234549314e-02 9.7072906071e-04 -5.7800330427e-02
6 2 1.0402448198e+00 1.9934363277e-01 1.4996419753e+00 3.5296286465e+00 8.8652947597e-01 -5.8314148135e-02 1.0511467017e-03 -5.8056597001e-02
6 2 1.0505443816e+00 1.9867074862e-01 1.4996553684e+00 3.5412506356e+00 8.8621334109e-01 -5.7897502647e-02 1.1523899795e-03 -5.7746851946e-02
6 2 1.0608455277e+00 1.9799478959e-01 1.4996688263e+00 3.5528726247e+00 8.8634966273e-01 -5.8162077462e-02 1.1579712405e-03 -5.8240140977e-02
6 2 1.0711382350e+00 1.9731901049e-01 1.4996825072e+00 3.5644911143e+00 8.8589030664e-01 -5.8164109613e-02 1.1775123448e-03 -5.7966791032e-02
6 2 1.0814311943e+00 1.9664128866e-01 1.4996959513e+00 3.5761096039e+00 8.8591199481e-01 -5.8331319865e-02 1.1571263379e-03 -5.8483413382e-02
6 2 1.0917051296e+00 1.9596668403e-01 1.4997092789e+00 3.5877107434e+00 8.8559708499e-01 -5.8149859517e-02 1.1488197403e-03 -5.8295329681e-02
6 2 1.1019787757e+00 1.9528927468e-01 1.4997224596e+00 3.5993118828e+00 8.8557215767e-01 -5.8391621247e-02 1.1361507654e-03 -5.8698246417e-02
3 3 3.7507883214e+00 1.7813636988e+00 1.4999630164e+00 3.2029035385e+00 8.9341042536e-01 6.2325879585e-02 -2.2535310561e-04 6.3077802852e-02
3 3 3.7613501061e+00 1.7820835247e+00 1.4999616946e+00 3.2147423685e+00 8.9213079162e-01 6.0802119208e-02 -1.1164380503e-04 6.2170613470e-02
3 3 3.7719072704e+00 1.7828236850e+00 1.4999616850e+00 3.2265811984e+00 8.9174051155e-01 6.2519710677e-02 -8.1482042162e-07 6.2180397500e-02
3 3 3.7824452825e+00 1.7835549854e+00 1.4999618480e+00 3.2384087257e+00 8.9097339797e-01 6.1830376285e-02 1.3782031137e-05 6.1379153883e-02
3 3 3.7929820803e+00 1.7842898040e+00 1.4999623874e+00 3.2502362529e+00 8.9087072765e-01 6.2127832538e-02 4.5603024632e-05 6.1569851927e-02
3 3 3.8035006157e+00 1.7850192943e+00 1.4999628380e+00 3.2620484697e+00 8.9047936850e-01 6.1757271884e-02 3.8154761007e-05 6.0971934456e-02
3 3 3.8140195931e+00 1.7857469529e+00 1.4999633280e+00 3.2738606865e+00 8.9051679483e-01 6.1602201210e-02 4.1477473513e-05 6.1310205533e-02
3 3 3.8245260874e+00 1.7864672446e+00 1.4999635618e+00 3.2856656639e+00 8.9000545368e-01 6.1015933564e-02 1.9807951346e-05 6.1040702713e-02
3 3 3.8350312899e+00 1.7871897871e+00 1.4999638281e+00 3.2974706413e+00 8.8989602987e-01 6.1206595105e-02 2.2553633460e-05 6.1218889218e-02
3 3 3.8455176866e+00 1.7879058300e+00 1.4999637666e+00 3.3092569913e+00 8.8970687895e-01 6.0751876804e-02 -5.2192954593e-06 6.0779188740e-02
3 3 3.8560028928e+00 1.7886227971e+00 1.4999636051e+00 3.3210433414e+00 8.8960587372e-01 6.0830290485e-02 -1.3694777086e-05 6.1115429281e-02
3 3 3.8664823062e+00 1.7893341231e+00 1.4999631239e+00 3.3328264681e+00 8.8935760940e-01 6.0368191032e-02 -4.0840731536e-05 6.0527237438e-02
3 3 3.8769605760e+00 1.7900451823e+00 1.4999627426e+00 3.3446095948e+00 8.8926055295e-01 6.0345541231e-02 -3.2360643420e-05 6.0615848025e-02
3 3 3.8874155522e+00 1.7907521789e+00 1.4999623492e+00 3.3563710739e+00 8.8891678280e-01 6.0111199427e-02 -3.3447478096e-05 6.0213318770e-02
3 3 3.8978697276e+00 1.7914615194e+00 1.4999620580e+00 3.3681325530e+00 8.8884869839e-01 6.0310483173e-02 -2.4759412231e-05 6.0250578058e-02
3 3 3.9083221799e+00 1.7921654278e+00 1.4999617883e+00 3.3798940322e+00 8.8870219539e-01 5.9848632046e-02 -2.2933018497e-05 5.9823147359e-02
3 3 3.9187738681e+00 1.7928698922e+00 1.4999616253e+00 3.3916555113e+00 8.8863722295e-01 5.9895902635e-02 -1.3853896818e-05 6.0072816950e-02
3 3 3.9292010184e+00 1.7935711653e+00 1.4999614775e+00 3.4033935542e+00 8.8832102461e-01 5.9743609215e-02 -1.2593394433e-05 5.9652780135e-02
3 3 3.9396274994e+00 1.7942723858e+00 1.4999613554e+00 3.4151315972e+00 8.8826399978e-01 5.9739133754e-02 -1.0400694543e-05 5.9748999996e-02
4 5 1.1560603865e+00 1.8086559557e+00 5.0001519750e-01 3.6603360387e+00 8.8058481942e-01 5.9057406372e-02 -7.5688661142e-05 5.9596135048e-02
4 5 1.1662833166e+00 1.8093428652e+00 5.0001502033e-01 3.6719487141e+00 8.8032513679e-01 5.9151706687e-02 -1.5255977735e-05 5.9721683436e-02
4 5 1.1764985862e+00 1.8100299325e+00 5.0001402679e-01 3.6835590004e+00 8.7984649237e-01 5.9177463422e-02 -8.5574672986e-05 5.9709845253e-02
4 5 1.1867115099e+00 1.8107173107e+00 5.0001296004e-01 3.6951692866e+00 8.7964443655e-01 5.9204237268e-02 -9.1879118272e-05 5.9840568553e-02
4 5 1.1969009203e+00 1.8114044369e+00 5.0001210667e-01 3.7067593038e+00 8.7915403204e-01 5.9286041560e-02 -7.3630397202e-05 5.9952471169e-02
4 5 1.2070826503e+00 1.8120924837e+00 5.0001129003e-01 3.7183493210e+00 8.7849136683e-01 5.9365464629e-02 -7.0460235643e-05 5.9967655140e-02
4 5 1.2172613283e+00 1.8127810813e+00 5.0001046524e-01 3.7299393382e+00 8.7822803101e-01 5.9412993415e-02 -7.1164153835e-05 6.0078383399e-02
4 5 1.2274371024e+00 1.8134724638e+00 5.0000964402e-01 3.7415293554e+00 8.7797748179e-01 5.9653275831e-02 -7.0855138773e-05 6.0232051641e-02
4 5 1.2375871913e+00 1.8141638339e+00 5.0000877438e-01 3.7530979440e+00 8.7738351101e-01 5.9762705191e-02 -7.5172502186e-05 6.0226275716e-02
4 5 1.2477319236e+00 1.8148533160e+00 5.0000788645e-01 3.7646665326e+00 8.7692047936e-01 5.9599497739e-02 -7.6754055061e-05 6.0268126087e-02
4 5 1.2578651782e+00 1.8155444607e+00 5.0000699559e-01 3.7762287501e+00 8.7641100505e-01 5.9776136884e-02 -7.7048981619e-05 6.0471994553e-02
4 5 1.2679904028e+00 1.8162391406e+00 5.0000608495e-01 3.7877909675e+00 8.7571650178e-01 6.0081894893e-02 -7.8760215927e-05 6.0453419577e-02
4 5 1.2780769038e+00 1.8169299762e+00 5.0000515755e-01 3.7993155696e+00 8.7521468505e-01 5.9944415030e-02 -8.0471001073e-05 6.0291820817e-02
4 5 1.2881602156e+00 1.8176210713e+00 5.0000421301e-01 3.8108401718e+00 8.7493795170e-01 5.9966939382e-02 -8.1958829939e-05 6.0499585681e-02
4 5 1.2982297786e+00 1.8183134245e+00 5.0000327436e-01 3.8223591380e+00 8.7417245270e-01 6.0105502153e-02 -8.1487322468e-05 6.0591079530e-02
4 5 1.3082904206e+00 1.8190034830e+00 5.0000230370e-01 3.8338781042e+00 8.7339800054e-01 5.9906285798e-02 -8.4266293658e-05 6.0199653033e-02
4 5 1.3183031261e+00 1.8196903644e+00 5.0000124544e-01 3.8453475516e+00 8.7298935667e-01 5.9887922670e-02 -9.2267292108e-05 6.0360192251e-02
4 5 1.3283092986e+00 1.8203796433e+00 5.0000019377e-01 3.8568169990e+00 8.7241975815e-01 6.0096959422e-02 -9.1693166434e-05 6.0623038065e-02
4 5 1.3382994869e+00 1.8210657078e+00 4.9999910926e-01 3.8682768303e+00 8.7175701314e-01 5.9866893931e-02 -9.4636007425e-05 5.9952309685e-02
4 5 1.3482831322e+00 1.8217472819e+00 4.9999803487e-01 3.8797366616e+00 8.7118606268e-01 5.9475056122e-02 -9.3752724397e-05 5.9926024074e-02
