2 5 1.7599616754e+00 2.1073800343e-01 4.9997904270e-01 3.2238664036e+00 8.7694340445e-01 -6.4268247821e-02 -7.8611445996e-05 -6.5372536177e-02
2 5 1.7703170737e+00 2.0997774593e-01 4.9998030451e-01 3.2356616113e+00 8.7793268583e-01 -6.4454779319e-02 1.0697647601e-04 -6.4411636192e-02
2 5 1.7806682926e+00 2.0921579029e-01 4.9998092844e-01 3.2474568190e+00 8.7757834628e-01 -6.4598746813e-02 5.2897235626e-05 -6.4282111177e-02
2 5 1.7909963073e+00 2.0846282097e-01 4.9998093017e-01 3.2592334096e+00 8.7699531204e-01 -6.3937802004e-02 1.4702723581e-07 -6.3455836852e-02
2 5 1.8013251048e+00 2.0770816002e-01 4.9997999902e-01 3.2710100002e+00 8.7706177166e-01 -6.4081445643e-02 -7.9068237676e-05 -6.3514183750e-02
2 5 1.8116453891e+00 2.0696321724e-01 4.9997920598e-01 3.2827819828e+00 8.7668192384e-01 -6.3280995608e-02 -6.7366593842e-05 -6.2915664315e-02
2 5 1.8219654949e+00 2.0621798045e-01 4.9997833943e-01 3.2945539654e+00 8.7666675699e-01 -6.3305971095e-02 -7.3611262016e-05 -6.3192315783e-02
2 5 1.8322639456e+00 2.0547807461e-01 4.9997771859e-01 3.3063039262e+00 8.7646681639e-01 -6.2970920139e-02 -5.2837357653e-05 -6.2663885320e-02
2 5 1.8425625853e+00 2.0473934210e-01 4.9997720200e-01 3.3180538870e+00 8.7648289781e-01 -6.2871061583e-02 -4.3965421237e-05 -6.2809347485e-02
2 5 1.8528584741e+00 2.0400829469e-01 4.9997689819e-01 3.3298034368e+00 8.7627943280e-01 -6.2219184969e-02 -2.5857595379e-05 -6.2356909034e-02
2 5 1.8631525844e+00 2.0327676725e-01 4.9997681004e-01 3.3415529866e+00 8.7612805561e-01 -6.2260039482e-02 -7.5019766205e-06 -6.2511215077e-02
2 5 1.8734207662e+00 2.0255268475e-01 4.9997670902e-01 3.3532777335e+00 8.7577001883e-01 -6.1756770375e-02 -8.6160967734e-06 -6.1880847846e-02
2 5 1.8836868970e+00 2.0182702735e-01 4.9997654238e-01 3.3650024804e+00 8.7559508628e-01 -6.1891092860e-02 -1.4212488837e-05 -6.2012773775e-02
2 5 1.8939501260e+00 2.0110579160e-01 4.9997632554e-01 3.3767272273e+00 8.7534759849e-01 -6.1513972016e-02 -1.8494201916e-05 -6.1494702506e-02
2 5 1.9042113594e+00 2.0038560152e-01 4.9997608758e-01 3.3884519742e+00 8.7517739449e-01 -6.1424787132e-02 -2.0295697761e-05 -6.1506413326e-02
2 5 1.9144464837e+00 1.9967100871e-01 4.9997585221e-01 3.4001530988e+00 8.7471286478e-01 -6.1070438438e-02 -2.0114921556e-05 -6.1081413773e-02
2 5 1.9246791184e+00 1.9895431049e-01 4.9997553538e-01 3.4118542235e+00 8.7450010426e-01 -6.1250370138e-02 -2.7076788903e-05 -6.1120795542e-02
4 5 1.0057258040e+00 1.8066040329e+00 5.0001406020e-01 3.5052540837e+00 8.6664651126e-01 5.9105904485e-02 3.2340995549e-04 5.9439598231e-02
4 5 1.0158732065e+00 1.8072805506e+00 5.0001479217e-01 3.5168973675e+00 8.7152410751e-01 5.8103687207e-02 6.2867089579e-05 5.8878840674e-02
4 5 1.0260250085e+00 1.8079694473e+00 5.0001547045e-01 3.5285406513e+00 8.7190195961e-01 5.9166874947e-02 5.8254248469e-05 5.9105641362e-02
4 5 1.0361646742e+00 1.8086519960e+00 5.0001659639e-01 3.5401720518e+00 8.7174934569e-01 5.8681559109e-02 9.6801912955e-05 5.8671782977e-02
4 5 1.0463013730e+00 1.8093369583e+00 5.0001884780e-01 3.5518034523e+00 8.7149425985e-01 5.8889057466e-02 1.9356358888e-04 5.9146722965e-02
4 5 1.0564245069e+00 1.8100182780e+00 5.0002109041e-01 3.5634202714e+00 8.7142046222e-01 5.8649419937e-02 1.9304795688e-04 5.8762862396e-02
4 5 1.0665489617e+00 1.8107012607e+00 5.0002349469e-01 3.5750370905e+00 8.7153417092e-01 5.8792577677e-02 2.0696564646e-04 5.9194008315e-02
4 5 1.0766639239e+00 1.8113801532e+00 5.0002542404e-01 3.5866467996e+00 8.7125027019e-01 5.8476274583e-02 1.6618446514e-04 5.8870078526e-02
4 5 1.0867762907e+00 1.8120621986e+00 5.0002741488e-01 3.5982565087e+00 8.7102671903e-01 5.8747840701e-02 1.7148060553e-04 5.9312641740e-02
4 5 1.0968688758e+00 1.8127413516e+00 5.0002829435e-01 3.6098478313e+00 8.7070177604e-01 5.8591508101e-02 7.5873146401e-05 5.8923421136e-02
4 5 1.1069620757e+00 1.8134227043e+00 5.0002963464e-01 3.6214391538e+00 8.7075480872e-01 5.8781269090e-02 1.1562816294e-04 5.9295906847e-02
4 5 1.1170501854e+00 1.8141022075e+00 5.0002914279e-01 3.6330279973e+00 8.7050185171e-01 5.8634253659e-02 -4.2441644007e-05 5.9003244310e-02
4 5 1.1271370598e+00 1.8147842351e+00 5.0003032117e-01 3.6446168407e+00 8.7039526374e-01 5.8852089389e-02 1.0168264786e-04 5.9323103976e-02
2 5 2.1371976702e+00 1.8453976614e-01 4.9998375837e-01 3.6561839995e+00 8.6983441400e-01 -5.8741292861e-02 7.9424590000e-05 -5.9246629850e-02
2 5 2.1472588176e+00 1.8385840406e-01 4.9998493172e-01 3.6677511583e+00 8.6980283171e-01 -5.8904878891e-02 1.0143762308e-04 -5.9426275382e-02
2 5 2.1573182987e+00 1.8317540342e-01 4.9998605121e-01 3.6793183171e+00 8.6965876569e-01 -5.9046534468e-02 9.6781934562e-05 -5.9432378247e-02
2 5 2.1673758532e+00 1.8249151336e-01 4.9998713255e-01 3.6908854758e+00 8.6949221590e-01 -5.9123426035e-02 9.3483747784e-05 -5.9393094172e-02
2 5 2.1774104082e+00 1.8180892602e-01 4.9998804116e-01 3.7024299491e+00 8.6920856101e-01 -5.9126763504e-02 7.8704845644e-05 -5.9513877617e-02
2 5 2.1874424306e+00 1.8112561722e-01 4.9998898624e-01 3.7139744224e+00 8.6898918543e-01 -5.9189257010e-02 8.1864226912e-05 -5.9587662096e-02
2 5 2.1974713237e+00 1.8044105846e-01 4.9998954979e-01 3.7255188957e+00 8.6871811075e-01 -5.9297530711e-02 4.8815578889e-05 -5.9614425132e-02
2 5 2.2074974350e+00 1.7975547478e-01 4.9999013942e-01 3.7370633690e+00 8.6847715676e-01 -5.9386311166e-02 5.1075373664e-05 -5.9669715724e-02
2 5 2.2174977844e+00 1.7906931339e-01 4.9999059662e-01 3.7485800074e+00 8.6833926447e-01 -5.9580006471e-02 3.9698490069e-05 -5.9794261104e-02
2 5 2.2274947341e+00 1.7838277801e-01 4.9999104913e-01 3.7600966459e+00 8.6804407449e-01 -5.9612479618e-02 3.9291590588e-05 -5.9835414088e-02
2 5 2.2374702214e+00 1.7769712233e-01 4.9999142611e-01 3.7715956550e+00 8.6750842998e-01 -5.9627370960e-02 3.2784170705e-05 -5.9936554972e-02
2 5 2.2474430995e+00 1.7700890695e-01 4.9999175177e-01 3.7830946641e+00 8.6728151140e-01 -5.9849972190e-02 2.8320942255e-05 -6.0041255713e-02
2 5 2.2573761871e+00 1.7632214620e-01 4.9999197138e-01 3.7945510690e+00 8.6703357609e-01 -5.9945573456e-02 1.9169117294e-05 -6.0097983253e-02
2 5 2.2673024499e+00 1.7563407274e-01 4.9999215442e-01 3.8060074738e+00 8.6643784774e-01 -6.0060155619e-02 1.5977169070e-05 -6.0142145338e-02
4 4 2.6688143456e+00 2.4920407800e-01 5.0010402528e-01 3.8060074738e+00 9.5118775116e-01 -7.9441949218e-02 2.5504923104e-04 -8.5584319031e-02
2 5 2.2772244363e+00 1.7494735270e-01 4.9999259277e-01 3.8174638556e+00 8.6606631437e-01 -5.9942139762e-02 3.8262261125e-05 -6.0237943187e-02
4 4 2.6798624373e+00 2.4827148017e-01 5.0010706077e-01 3.8174638556e+00 9.6436133223e-01 -8.1404219640e-02 2.6496062513e-04 -8.4803651023e-02
2 5 2.2871428069e+00 1.7425881249e-01 4.9999297357e-01 3.8289202374e+00 8.6575070297e-01 -6.0101017536e-02 3.3239065726e-05 -6.0296437019e-02
4 4 2.6908983984e+00 2.4734177322e-01 5.0011071161e-01 3.8289202374e+00 9.6330248925e-01 -8.1151883026e-02 3.1867369569e-04 -8.4502763558e-02
2 5 2.2970116618e+00 1.7357084089e-01 4.9999353418e-01 3.8403288234e+00 8.6503751815e-01 -6.0302968803e-02 4.9139139583e-05 -6.0363354617e-02
4 4 2.7018553984e+00 2.4642223274e-01 5.0011446066e-01 3.8403288234e+00 9.6041701190e-01 -8.0600740883e-02 3.2861650488e-04 -8.3971400602e-02
2 5 2.3068764211e+00 1.7288384565e-01 4.9999403003e-01 3.8517374094e+00 8.6467852671e-01 -6.0217387328e-02 4.3463345182e-05 -6.0364151652e-02
4 4 2.7127951919e+00 2.4550167628e-01 5.0011873779e-01 3.8517374094e+00 9.5890879702e-01 -8.0689794180e-02 3.7490394347e-04 -8.4250131639e-02
2 5 2.3167253096e+00 1.7219702040e-01 4.9999461768e-01 3.8631300828e+00 8.6449318917e-01 -6.0286574072e-02 5.1581151504e-05 -6.0432879982e-02
4 4 2.7237009559e+00 2.4457737923e-01 5.0012262651e-01 3.8631300828e+00 9.5726118924e-01 -8.1130830111e-02 3.4133520485e-04 -8.3810029577e-02
2 5 2.3265664218e+00 1.7150877132e-01 4.9999505547e-01 3.8745227562e+00 8.6381061350e-01 -6.0411552349e-02 3.8427324976e-05 -6.0469877902e-02
4 4 2.7345893111e+00 2.4365103657e-01 5.0012675028e-01 3.8745227562e+00 9.5573310651e-01 -8.1310385174e-02 3.6196736200e-04 -8.4219694123e-02
6 3 2.3362976350e+00 1.8291798448e+00 1.5000139527e+00 3.8858917761e+00 8.6274822587e-01 6.0407839929e-02 3.3457632111e-05 6.0395490209e-02
4 2 2.7452415861e+00 1.7572208659e+00 1.4999569837e+00 3.8858917761e+00 9.5269863156e-01 8.1959656486e-02 -5.2088537150e-05 8.3327758296e-02
6 3 2.3460984938e+00 1.8298656639e+00 1.5000144722e+00 3.8972607961e+00 8.6206716658e-01 6.0323500521e-02 4.5691624791e-05 6.0354260502e-02
4 2 2.7560594470e+00 1.7581465709e+00 1.4999563025e+00 3.8972607961e+00 9.5152097003e-01 8.1423467958e-02 -5.9914256552e-05 8.3105512274e-02
1 2 7.5626741622e-01 1.7582121673e+00 1.4999002822e+00 3.8972607961e+00 9.5199597300e-01 8.1403004450e-02 -2.6294872078e-04 8.3052833445e-02
6 3 2.3558673935e+00 1.8305516372e+00 1.5000152937e+00 3.9086020023e+00 8.6136337992e-01 6.0485034492e-02 7.2437871124e-05 6.0448154802e-02
4 2 2.7668201136e+00 1.7590657386e+00 1.4999559357e+00 3.9086020023e+00 9.4881147784e-01 8.1046734687e-02 -3.2348389956e-05 8.2710100987e-02
1 2 7.6703362437e-01 1.7591312534e+00 1.4998974749e+00 3.9086020023e+00 9.4930009744e-01 8.1039534533e-02 -2.4752763244e-04 8.2652273885e-02
6 3 2.3656255114e+00 1.8312387123e+00 1.5000162813e+00 3.9199432085e+00 8.6041270033e-01 6.0582196377e-02 8.7082484162e-05 6.0236051550e-02
4 2 2.7775647988e+00 1.7599862305e+00 1.4999553987e+00 3.9199432085e+00 9.4740233829e-01 8.1163489641e-02 -4.7344482261e-05 8.2905562074e-02
1 2 7.7778495429e-01 1.7600519270e+00 1.4998940884e+00 3.9199432085e+00 9.4798822480e-01 8.1179516588e-02 -2.9860579545e-04 8.2832643872e-02
6 3 2.3753747790e+00 1.8319213417e+00 1.5000167936e+00 3.9312844147e+00 8.5963234225e-01 6.0190187041e-02 4.5168472472e-05 6.0126738291e-02
4 2 2.7882940663e+00 1.7609094344e+00 1.4999550542e+00 3.9312844147e+00 9.4604288754e-01 8.1402622663e-02 -3.0374575773e-05 8.2311818014e-02
1 2 7.8852020033e-01 1.7609750747e+00 1.4998913131e+00 3.9312844147e+00 9.4657004328e-01 8.1397661358e-02 -2.4470374350e-04 8.2231125350e-02
6 3 2.3851172964e+00 1.8326037749e+00 1.5000174591e+00 3.9426256209e+00 8.5903714403e-01 6.0172901184e-02 5.8675609078e-05 6.0186910198e-02
4 2 2.7990013340e+00 1.7618354652e+00 1.4999545869e+00 3.9426256209e+00 9.4410307753e-01 8.1651880097e-02 -4.1211252672e-05 8.2553449712e-02
1 2 7.9923354738e-01 1.7619009207e+00 1.4998882539e+00 3.9426256209e+00 9.4463912027e-01 8.1635586296e-02 -2.6974631876e-04 8.2463726746e-02
6 3 2.3948209596e+00 1.8332867697e+00 1.5000179611e+00 3.9539330127e+00 8.5816989200e-01 6.0402501991e-02 4.4402660531e-05 6.0046420327e-02
4 2 2.8096569528e+00 1.7627609345e+00 1.4999542247e+00 3.9539330127e+00 9.4235868347e-01 8.1846399464e-02 -3.2031476025e-05 8.1915115917e-02
1 2 8.0989583335e-01 1.7628258740e+00 1.4998854593e+00 3.9539330127e+00 9.4294830969e-01 8.1800770318e-02 -2.4714415265e-04 8.1810300062e-02
6 3 2.4045148059e+00 1.8339646847e+00 1.5000186759e+00 3.9652404045e+00 8.5730170631e-01 5.9953262815e-02 6.3212730172e-05 5.9710384614e-02
4 2 2.8202928123e+00 1.7636801341e+00 1.4999536848e+00 3.9652404045e+00 9.4061120651e-01 8.1291919925e-02 -4.7742087138e-05 8.1775198632e-02
1 2 8.2053777501e-01 1.7637444343e+00 1.4998822635e+00 3.9652404045e+00 9.4114910402e-01 8.1235375419e-02 -2.8263054185e-04 8.1663640656e-02
6 3 2.4142024314e+00 1.8346404084e+00 1.5000191395e+00 3.9765476081e+00 8.5676581692e-01 5.9760457712e-02 4.0998458657e-05 5.9686271022e-02
4 2 2.8309051402e+00 1.7645954469e+00 1.4999532697e+00 3.9765476081e+00 9.3854575636e-01 8.0949525498e-02 -3.6711928199e-05 8.1538950281e-02
1 2 8.3115710829e-01 1.7646593251e+00 1.4998792285e+00 3.9765476081e+00 9.3916530212e-01 8.0912210197e-02 -2.6841453924e-04 8.1424458659e-02
6 3 2.4238823008e+00 1.8353167434e+00 1.5000197951e+00 3.9878548116e+00 8.5607986891e-01 5.9814524726e-02 5.7978728561e-05 5.9664988392e-02
4 2 2.8415041900e+00 1.7655114436e+00 1.4999526336e+00 3.9878548116e+00 9.3737144464e-01 8.1010010868e-02 -5.6256623666e-05 8.1567160336e-02
1 2 8.4176296401e-01 1.7655750363e+00 1.4998756527e+00 3.9878548116e+00 9.3797335668e-01 8.0984762171e-02 -3.1623919561e-04 8.1430623115e-02
6 3 2.4335342369e+00 1.8359879960e+00 1.5000202495e+00 3.9991391632e+00 8.5533812940e-01 5.9485257722e-02 4.0272515425e-05 5.9166751419e-02
4 2 2.8520631882e+00 1.7664287254e+00 1.4999521979e+00 3.9991391632e+00 9.3572042686e-01 8.1287946627e-02 -3.8613480824e-05 8.1255649787e-02
1 2 8.5232820742e-01 1.7664915353e+00 1.4998726503e+00 3.9991391632e+00 9.3627386503e-01 8.1218577561e-02 -2.6606560371e-04 8.1143260903e-02
6 3 2.4431783556e+00 1.8366547013e+00 1.5000208794e+00 4.0104235147e+00 8.5464536603e-01 5.9082295045e-02 5.5818252619e-05 5.8925493576e-02
4 2 2.8625987514e+00 1.7673447401e+00 1.4999516363e+00 4.0104235147e+00 9.3364365426e-01 8.1175665799e-02 -4.9770756499e-05 8.1736216668e-02
1 2 8.6287032681e-01 1.7674065339e+00 1.4998694318e+00 4.0104235147e+00 9.3422465283e-01 8.1085623719e-02 -2.8522284555e-04 8.1611324547e-02
6 3 2.4528038824e+00 1.8373203509e+00 1.5000213692e+00 4.0216923505e+00 8.5417224369e-01 5.9069946759e-02 4.3468856225e-05 5.9048735516e-02
4 2 2.8731075821e+00 1.7682588821e+00 1.4999511869e+00 4.0216923505e+00 9.3255691108e-01 8.1121248621e-02 -3.9873798705e-05 8.1636925155e-02
1 2 8.7338557275e-01 1.7683196267e+00 1.4998665426e+00 4.0216923505e+00 9.3312620174e-01 8.1028140009e-02 -2.5638895303e-04 8.1499083853e-02
6 3 2.4624210419e+00 1.8379837254e+00 1.5000220195e+00 4.0329611863e+00 8.5342973157e-01 5.8868057873e-02 5.7703916305e-05 5.8416138973e-02
4 2 2.8835916590e+00 1.7691681447e+00 1.4999505907e+00 4.0329611863e+00 9.3036025449e-01 8.0688239914e-02 -5.2908762293e-05 8.1820034892e-02
1 2 8.8387582652e-01 1.7692277525e+00 1.4998632950e+00 4.0329611863e+00 9.3090838782e-01 8.0587358705e-02 -2.8818887738e-04 8.1675175277e-02
6 3 2.4720315816e+00 1.8386411359e+00 1.5000225079e+00 4.0442300221e+00 8.5284228594e-01 5.8338817294e-02 4.3339380669e-05 5.8024047269e-02
4 2 2.8940597389e+00 1.7700737676e+00 1.4999501529e+00 4.0442300221e+00 9.2894067252e-01 8.0365264691e-02 -3.8851067910e-05 8.1957669014e-02
1 2 8.9435102063e-01 1.7701320903e+00 1.4998601061e+00 4.0442300221e+00 9.2957198943e-01 8.0251220276e-02 -2.8298999561e-04 8.1806181439e-02
6 3 2.4816384490e+00 1.8392962101e+00 1.5000231804e+00 4.0554988579e+00 8.5251641077e-01 5.8131486035e-02 5.9683568061e-05 5.7900490250e-02
4 2 2.9045125437e+00 1.7709817226e+00 1.4999495524e+00 4.0554988579e+00 9.2758515221e-01 8.0572205754e-02 -5.3289917973e-05 8.2106036462e-02
1 2 9.0481070829e-01 1.7710390292e+00 1.4998565677e+00 4.0554988579e+00 9.2819594197e-01 8.0482045203e-02 -3.1399356738e-04 8.1941588272e-02
6 3 2.4912232912e+00 1.8399494132e+00 1.5000236452e+00 4.0667495408e+00 8.5193425357e-01 5.8058971912e-02 4.1313324067e-05 5.7504234669e-02
4 2 2.9149303224e+00 1.7718877805e+00 1.4999490776e+00 4.0667495408e+00 9.2596856652e-01 8.0533591229e-02 -4.2203578965e-05 8.1765860725e-02
1 2 9.1523514247e-01 1.7719433531e+00 1.4998535321e+00 4.0667495408e+00 9.2656012566e-01 8.0379460647e-02 -2.6981964589e-04 8.1603614367e-02
6 3 2.5008003249e+00 1.8405955093e+00 1.5000242760e+00 4.0780002237e+00 8.5124020852e-01 5.7427278725e-02 5.6065191002e-05 5.6955835858e-02
4 2 2.9253302131e+00 1.7727866241e+00 1.4999485146e+00 4.0780002237e+00 9.2437860847e-01 7.9892360736e-02 -5.0042298838e-05 8.2071202525e-02
1 2 9.2564173178e-01 1.7728405186e+00 1.4998503024e+00 4.0780002237e+00 9.2497401237e-01 7.9743207554e-02 -2.8706195772e-04 8.1902477925e-02
6 3 2.5103740604e+00 1.8412372343e+00 1.5000247569e+00 4.0892509066e+00 8.5094706133e-01 5.7038763752e-02 4.2745898189e-05 5.6670802746e-02
4 2 2.9357173741e+00 1.7736876338e+00 1.4999480058e+00 4.0892509066e+00 9.2324716286e-01 8.0084893707e-02 -4.5218858003e-05 8.1896807727e-02
1 2 9.3603574110e-01 1.7737401937e+00 1.4998472853e+00 4.0892509066e+00 9.2385585830e-01 7.9966266351e-02 -2.6817299372e-04 8.1722578648e-02
6 3 2.5199436405e+00 1.8418787349e+00 1.5000253697e+00 4.1005015895e+00 8.5057770431e-01 5.7018810696e-02 5.4461935642e-05 5.6330158848e-02
4 2 2.9460854961e+00 1.7745839736e+00 1.4999473957e+00 4.1005015895e+00 9.2155489821e-01 7.9669804693e-02 -5.4231369260e-05 8.1901541185e-02
1 2 9.4641097425e-01 1.7746349373e+00 1.4998438484e+00 4.1005015895e+00 9.2218696619e-01 7.9527937725e-02 -3.0548460266e-04 8.1725550245e-02
4 5 1.5541957341e+00 1.5022998887e+00 4.9962910404e-01 4.6353578660e-02 1.0023271704e+00 6.5278709611e-02 -1.5380497191e-02 6.4618357015e-02
5 5 2.0511221287e+00 1.5000891032e+00 4.9989775582e-01 4.6353578660e-02 1.0624937630e+00 7.7824926795e-03 -5.7536114713e-03 2.9205408229e-02
5 5 2.0581177639e+00 1.5009099388e+00 4.9944967644e-01 4.6353578660e-02 1.0765900813e+00 4.7020239305e-02 -2.1567241420e-02 4.7620170424e-02
5 5 2.0618573731e+00 1.5010890718e+00 4.9937699231e-01 4.9841659819e-02 1.0721107391e+00 5.1355755400e-02 -2.0837856556e-02 5.5024822346e-02
5 5 2.0659668825e+00 1.5013135581e+00 4.9929372839e-01 5.3678549093e-02 1.0710523642e+00 5.8507373429e-02 -2.1700891245e-02 6.0983043302e-02
5 5 2.0700851526e+00 1.5015609734e+00 4.9920562517e-01 5.7515438368e-02 1.0733356654e+00 6.4483301197e-02 -2.2962148498e-02 6.5628326534e-02
5 5 2.0746261641e+00 1.5018596483e+00 4.9910132511e-01 6.1736016570e-02 1.0759216528e+00 7.0766346067e-02 -2.4712267847e-02 7.0264878882e-02
5 5 2.0791762332e+00 1.5021798936e+00 4.9899155116e-01 6.5956594772e-02 1.0780677354e+00 7.5877105856e-02 -2.6009220845e-02 7.2750487883e-02
5 5 2.0841847087e+00 1.5025262923e+00 4.9886986140e-01 7.0599230795e-02 1.0787999459e+00 7.4612507421e-02 -2.6211349783e-02 7.2200962807e-02
5 5 2.0891968425e+00 1.5028586743e+00 4.9874849888e-01 7.5241866817e-02 1.0795879111e+00 7.1593378309e-02 -2.6140864746e-02 7.3216466946e-02
5 5 2.0947103056e+00 1.5032174688e+00 4.9861352953e-01 8.0348766442e-02 1.0796106330e+00 7.0256822142e-02 -2.6428822977e-02 7.5755632597e-02
5 5 2.1002477803e+00 1.5035834989e+00 4.9847432253e-01 8.5455666066e-02 1.0843124259e+00 7.1673635791e-02 -2.7258613149e-02 7.8851230418e-02
5 5 2.1063886102e+00 1.5040032597e+00 4.9831414256e-01 9.1073255653e-02 1.0931432093e+00 7.4722584844e-02 -2.8514004207e-02 8.2545976957e-02
5 5 2.1125743907e+00 1.5044454515e+00 4.9814568355e-01 9.6690845241e-02 1.1011449684e+00 7.8715577303e-02 -2.9987774790e-02 8.1561810061e-02
5 5 2.1194240315e+00 1.5049003728e+00 4.9797536980e-01 1.0287019379e-01 1.1084729591e+00 7.3619624515e-02 -2.7561764714e-02 7.7519923894e-02
5 5 2.1263049013e+00 1.5053291135e+00 4.9781849080e-01 1.0904954233e-01 1.1135267391e+00 6.9382831819e-02 -2.5387627731e-02 7.5305614553e-02
5 5 2.1339179146e+00 1.5057749302e+00 4.9765563776e-01 1.1584682573e-01 1.1200082247e+00 6.5587484099e-02 -2.3958548128e-02 7.4214637970e-02
5 5 2.1415852791e+00 1.5061981099e+00 4.9749699661e-01 1.2264410913e-01 1.1280042350e+00 6.2257179675e-02 -2.3338904106e-02 7.3820904794e-02
5 5 2.1500560859e+00 1.5066271014e+00 4.9734601892e-01 1.3012112087e-01 1.1329133946e+00 5.7374717445e-02 -2.0192250284e-02 6.8046010311e-02
5 5 2.1585678518e+00 1.5070473645e+00 4.9721585002e-01 1.3759813261e-01 1.1383914117e+00 5.6207372904e-02 -1.7409213528e-02 6.5132859278e-02
5 5 2.1679623102e+00 1.5075010931e+00 4.9709440400e-01 1.4582284553e-01 1.1422232635e+00 5.5166489025e-02 -1.4765988866e-02 6.3961736038e-02
5 5 2.1773952524e+00 1.5079450528e+00 4.9698052703e-01 1.5404755844e-01 1.1469022957e+00 5.3978751933e-02 -1.3845708099e-02 5.8389386464e-02
5 4 3.7699315050e+00 2.1663358406e-01 5.0152395277e-01 3.2253900337e+00 8.8994576925e-01 -6.1752328741e-02 1.3250420435e-03 -6.2465489939e-02
5 4 3.7803915595e+00 2.1590297908e-01 5.0153769669e-01 3.2371583645e+00 8.8883077233e-01 -6.2082295594e-02 1.1678733511e-03 -6.1599842613e-02
5 4 3.7908491304e+00 2.1516967981e-01 5.0155242976e-01 3.2489266952e+00 8.8861973375e-01 -6.2311238436e-02 1.2519258900e-03 -6.1728504815e-02
5 4 3.8012961034e+00 2.1444115191e-01 5.0156797898e-01 3.2606880613e+00 8.8824486246e-01 -6.1942456427e-02 1.3220586799e-03 -6.1091245956e-02
5 4 3.8117431382e+00 2.1371500992e-01 5.0158364331e-01 3.2724494274e+00 8.8825011509e-01 -6.1739595936e-02 1.3318457987e-03 -6.1367004781e-02
5 4 3.8221697586e+00 2.1299722110e-01 5.0159921818e-01 3.2841945100e+00 8.8774347001e-01 -6.1113986615e-02 1.3260765084e-03 -6.1031037051e-02
5 4 3.8325947668e+00 2.1227760525e-01 5.0161482306e-01 3.2959395926e+00 8.8760620693e-01 -6.1269543404e-02 1.3286307087e-03 -6.1256109829e-02
5 4 3.8430082079e+00 2.1156446060e-01 5.0163011183e-01 3.3076748806e+00 8.8736135719e-01 -6.0769249610e-02 1.3028030112e-03 -6.0743184024e-02
5 4 3.8534203716e+00 2.1085103691e-01 5.0164523489e-01 3.3194101686e+00 8.8725250838e-01 -6.0793028058e-02 1.2886820327e-03 -6.1020636208e-02
5 4 3.8638181616e+00 2.1014359898e-01 5.0166005404e-01 3.3311325685e+00 8.8700182321e-01 -6.0349240625e-02 1.2641739595e-03 -6.0514245107e-02
5 4 3.8742144288e+00 2.0943731365e-01 5.0167483505e-01 3.3428549684e+00 8.8687190806e-01 -6.0250915613e-02 1.2609203870e-03 -6.0531131838e-02
5 4 3.8845957129e+00 2.0873512243e-01 5.0168961177e-01 3.3545646946e+00 8.8655225042e-01 -5.9966493646e-02 1.2619182935e-03 -6.0073636528e-02
5 4 3.8949757174e+00 2.0803018675e-01 5.0170430532e-01 3.3662744208e+00 8.8644296878e-01 -6.0200867767e-02 1.2548158933e-03 -6.0161180671e-02
6 3 2.0146209063e+00 1.7980659518e+00 1.4972432940e+00 3.5296286465e+00 8.7964332394e-01 4.6442366358e-02 -7.6672714344e-03 4.7316966268e-02
6 3 2.0248618675e+00 1.7986080210e+00 1.4971571649e+00 3.5412506356e+00 8.8117112048e-01 4.6641685320e-02 -7.4108761680e-03 4.6662751513e-02
6 3 2.0351162142e+00 1.7991530540e+00 1.4970713902e+00 3.5528726247e+00 8.8232286033e-01 4.6896712445e-02 -7.3803768068e-03 4.6849943821e-02
6 3 2.0453742309e+00 1.7996966759e+00 1.4969851355e+00 3.5644911143e+00 8.8290449629e-01 4.6789375678e-02 -7.4239143782e-03 4.6366185085e-02
6 3 2.0556387268e+00 1.8002413679e+00 1.4968973318e+00 3.5761096039e+00 8.8346216458e-01 4.6881479480e-02 -7.5572415782e-03 4.6718015791e-02
6 3 2.0658923429e+00 1.8007836613e+00 1.4968081512e+00 3.5877107434e+00 8.8384560043e-01 4.6744841497e-02 -7.6872269211e-03 4.6396761846e-02
6 3 2.0761512447e+00 1.8013264050e+00 1.4967174023e+00 3.5993118828e+00 8.8430121777e-01 4.6783654838e-02 -7.8224151578e-03 4.6821622052e-02
2 5 1.7507903878e+00 2.1863446112e-01 4.9998235226e-01 3.2029035385e+00 8.9339692671e-01 -6.2342216301e-02 -7.8283082131e-05 -6.3094264947e-02
2 5 1.7613520191e+00 2.1791443040e-01 4.9998280529e-01 3.2147423685e+00 8.9211782305e-01 -6.0819415254e-02 3.8266849210e-05 -6.2187333260e-02
2 5 1.7719089999e+00 2.1717417012e-01 4.9998387509e-01 3.2265811984e+00 8.9172501291e-01 -6.2528162212e-02 9.0363170769e-05 -6.2198073567e-02
2 5 1.7824467679e+00 2.1644265780e-01 4.9998460197e-01 3.2384087257e+00 8.9095276294e-01 -6.1848288663e-02 6.1456622402e-05 -6.1396622155e-02
2 5 1.7929833079e+00 2.1570761518e-01 4.9998465764e-01 3.2502362529e+00 8.9084892390e-01 -6.2146770531e-02 4.7069465545e-06 -6.1587893861e-02
2 5 1.8035015736e+00 2.1497789365e-01 4.9998423823e-01 3.2620484697e+00 8.9045654359e-01 -6.1776848208e-02 -3.5505995104e-05 -6.0990324855e-02
2 5 1.8140202557e+00 2.1425000172e-01 4.9998363964e-01 3.2738606865e+00 8.9049178945e-01 -6.1621958384e-02 -5.0676277829e-05 -6.1328751578e-02
2 5 1.8245264277e+00 2.1352946692e-01 4.9998321908e-01 3.2856656639e+00 8.8997815659e-01 -6.1036525795e-02 -3.5624999442e-05 -6.1059517779e-02
2 5 1.8350312862e+00 2.1280667004e-01 4.9998267532e-01 3.2974706413e+00 8.8986689198e-01 -6.1228145995e-02 -4.6061918129e-05 -6.1237782020e-02
2 5 1.8455172992e+00 2.1209037209e-01 4.9998242879e-01 3.3092569913e+00 8.8967431856e-01 -6.0773517534e-02 -2.0916904521e-05 -6.0798017877e-02
2 5 1.8560020979e+00 2.1137313859e-01 4.9998227656e-01 3.3210433414e+00 8.8957130380e-01 -6.0852892689e-02 -1.2915406621e-05 -6.1134751327e-02
2 5 1.8664810804e+00 2.1066155524e-01 4.9998234735e-01 3.3328264681e+00 8.8932103537e-01 -6.0390028017e-02 6.0076215838e-06 -6.0546571210e-02
2 5 1.8769589029e+00 2.0995022054e-01 4.9998228827e-01 3.3446095948e+00 8.8922259507e-01 -6.0368926167e-02 -5.0137981512e-06 -6.0635471058e-02
2 5 1.8874133816e+00 2.0924297171e-01 4.9998225470e-01 3.3563710739e+00 8.8887448865e-01 -6.0132643250e-02 -2.8541604018e-06 -6.0233095011e-02
2 5 1.8978670348e+00 2.0853337124e-01 4.9998207393e-01 3.3681325530e+00 8.8880429720e-01 -6.0332587671e-02 -1.5370084001e-05 -6.0270460197e-02
2 5 1.9083189474e+00 2.0782920216e-01 4.9998189185e-01 3.3798940322e+00 8.8865630144e-01 -5.9870792704e-02 -1.5480763678e-05 -5.9842518496e-02
2 5 1.9187700712e+00 2.0712448181e-01 4.9998159654e-01 3.3916555113e+00 8.8858924097e-01 -5.9917663268e-02 -2.5108574618e-05 -6.0092464832e-02
2 5 1.9291966207e+00 2.0642295044e-01 4.9998126394e-01 3.4033935542e+00 8.8826983989e-01 -5.9765616135e-02 -2.8334876123e-05 -5.9671765115e-02
2 5 1.9396224778e+00 2.0572146572e-01 4.9998089824e-01 3.4151315972e+00 8.8821084895e-01 -5.9761642416e-02 -3.1155403091e-05 -5.9767618390e-02
6 3 2.0016729409e+00 1.7983928284e+00 1.5000078226e+00 3.4854646949e+00 8.8165251729e-01 5.8277328442e-02 8.4394998920e-05 5.9429454548e-02
6 3 2.0120091195e+00 1.7990558369e+00 1.5000075001e+00 3.4971578790e+00 8.8394901792e-01 5.6700418842e-02 -2.7585356536e-05 5.8720712979e-02
6 3 2.0223470299e+00 1.7997450896e+00 1.5000064947e+00 3.5088510631e+00 8.8409711695e-01 5.8944827549e-02 -8.5974825911e-05 5.8876076974e-02
6 3 2.0326719145e+00 1.8004312382e+00 1.5000061008e+00 3.5205377620e+00 8.8347314322e-01 5.8711925496e-02 -3.3710205273e-05 5.8315604446e-02
6 3 2.0430002527e+00 1.8011182407e+00 1.5000065033e+00 3.5322244610e+00 8.8376865162e-01 5.8784995838e-02 3.4439931581e-05 5.8659958958e-02
6 3 2.0533114442e+00 1.8017996554e+00 1.5000074964e+00 3.5438958718e+00 8.8345716960e-01 5.8383228992e-02 8.5093238210e-05 5.8312286184e-02
6 3 2.0636216665e+00 1.8024842983e+00 1.5000084578e+00 3.5555672826e+00 8.8337411710e-01 5.8659826270e-02 8.2369760371e-05 5.8835846210e-02
6 3 2.0739181470e+00 1.8031682013e+00 1.5000092748e+00 3.5672285442e+00 8.8296453907e-01 5.8647422382e-02 7.0062102130e-05 5.8518875640e-02
6 3 2.0842136423e+00 1.8038534056e+00 1.5000099696e+00 3.5788898059e+00 8.8288005954e-01 5.8759022794e-02 5.9584408741e-05 5.9075609636e-02
6 3 2.0944963698e+00 1.8045357010e+00 1.5000103996e+00 3.5905401268e+00 8.8261323626e-01 5.8564510816e-02 3.6901297495e-05 5.8795879484e-02
6 3 2.1047759213e+00 1.8052205459e+00 1.5000105934e+00 3.6021904478e+00 8.8234062678e-01 5.8783350806e-02 1.6642776507e-05 5.9221946829e-02
6 3 2.1150367494e+00 1.8059053278e+00 1.5000105698e+00 3.6138269713e+00 8.8177779887e-01 5.8847640445e-02 -2.0281801136e-06 5.8990164389e-02
6 3 2.1252980637e+00 1.8065914083e+00 1.5000105952e+00 3.6254634947e+00 8.8181959072e-01 5.8959231287e-02 2.1809871711e-06 5.9410808096e-02
6 3 2.1355496164e+00 1.8072759735e+00 1.5000106693e+00 3.6370934290e+00 8.8147984330e-01 5.8862346249e-02 6.3710902482e-06 5.9179178470e-02
6 3 2.1457963070e+00 1.8079625065e+00 1.5000108523e+00 3.6487233632e+00 8.8106178910e-01 5.9031547101e-02 1.5734208137e-05 5.9513318149e-02
5 4 1.5608105643e-01 1.9133801628e-01 4.9998679822e-01 3.6603360387e+00 8.8067349820e-01 -5.9043782648e-02 -5.2623242707e-05 -5.9604258067e-02
5 4 1.6630516124e-01 1.9065023749e-01 4.9998608390e-01 3.6719487141e+00 8.8042629416e-01 -5.9226558022e-02 -6.1512171657e-05 -5.9821860702e-02
5 4 1.7652169766e-01 1.8996320300e-01 4.9998512825e-01 3.6835590004e+00 8.7995560203e-01 -5.9174638229e-02 -8.2310672074e-05 -5.9756044276e-02
5 4 1.8673565277e-01 1.8927535144e-01 4.9998427045e-01 3.6951692866e+00 8.7973327335e-01 -5.9245012619e-02 -7.3882382629e-05 -5.9933570333e-02
5 4 1.9692628059e-01 1.8858836057e-01 4.9998352448e-01 3.7067593038e+00 8.7925907722e-01 -5.9274361529e-02 -6.4363427240e-05 -5.9987241039e-02
5 4 2.0710907009e-01 1.8789961719e-01 4.9998275137e-01 3.7183493210e+00 8.7858277746e-01 -5.9425570419e-02 -6.6704757139e-05 -6.0053385738e-02
5 4 2.1728898000e-01 1.8721141330e-01 4.9998195878e-01 3.7299393382e+00 8.7833432374e-01 -5.9379022409e-02 -6.8385497318e-05 -6.0102395723e-02
5 4 2.2746576761e-01 1.8651953783e-01 4.9998115633e-01 3.7415293554e+00 8.7806492751e-01 -5.9695810847e-02 -6.9236488574e-05 -6.0309517321e-02
5 4 2.3761707071e-01 1.8582857626e-01 4.9998030463e-01 3.7530979440e+00 8.7748846919e-01 -5.9727386496e-02 -7.3621489075e-05 -6.0239262745e-02
5 4 2.4776280402e-01 1.8513869294e-01 4.9997949971e-01 3.7646665326e+00 8.7700701050e-01 -5.9634182170e-02 -6.9577746189e-05 -6.0338221032e-02
5 4 2.5789732300e-01 1.8444799112e-01 4.9997867324e-01 3.7762287501e+00 8.7652035722e-01 -5.9737833552e-02 -7.1480387134e-05 -6.0476195682e-02
5 4 2.6802359642e-01 1.8375303489e-01 4.9997786585e-01 3.7877909675e+00 8.7580721037e-01 -6.0105791859e-02 -6.9830529709e-05 -6.0512794225e-02
5 4 2.7811145847e-01 1.8306268827e-01 4.9997703896e-01 3.7993155696e+00 8.7533278296e-01 -5.9901991177e-02 -7.1749664724e-05 -6.0288845664e-02
5 4 2.8819590623e-01 1.8237140492e-01 4.9997618998e-01 3.8108401718e+00 8.7503652172e-01 -5.9983272929e-02 -7.3666425360e-05 -6.0554650234e-02
5 4 2.9826686784e-01 1.8167937835e-01 4.9997533538e-01 3.8223591380e+00 8.7429387435e-01 -6.0077141436e-02 -7.4191141240e-05 -6.0578970864e-02
5 4 3.0832865735e-01 1.8098899679e-01 4.9997448526e-01 3.8338781042e+00 8.7349761349e-01 -5.9934333232e-02 -7.3801710285e-05 -6.0249345830e-02
5 4 3.1834275136e-01 1.8030231628e-01 4.9997361171e-01 3.8453475516e+00 8.7311042001e-01 -5.9870409455e-02 -7.6163422252e-05 -6.0348830429e-02
5 4 3.2835012962e-01 1.7961266165e-01 4.9997281905e-01 3.8568169990e+00 8.7252488541e-01 -6.0129717448e-02 -6.9110686867e-05 -6.0661302117e-02
5 4 3.3834168410e-01 1.7892679286e-01 4.9997204951e-01 3.8682768303e+00 8.7187622689e-01 -5.9849815646e-02 -6.7150786560e-05 -5.9936498968e-02
5 4 3.4832664545e-01 1.7824492647e-01 4.9997134196e-01 3.8797366616e+00 8.7130090154e-01 -5.9500561123e-02 -6.1741880475e-05 -5.9967709826e-02
6 3 2.3581575215e+00 1.8224244249e+00 1.5000160022e+00 3.8911584026e+00 8.7047971155e-01 5.9610735651e-02 2.7222376424e-05 6.0327686699e-02
6 3 2.3680918468e+00 1.8231054457e+00 1.5000163566e+00 3.9025801437e+00 8.6977329563e-01 5.9624959448e-02 3.1029109422e-05 5.9586497134e-02
6 3 2.3780000703e+00 1.8237796136e+00 1.5000173383e+00 3.9139788641e+00 8.6923997657e-01 5.9144174249e-02 8.6120516330e-05 5.9373228804e-02
6 3 2.3879024453e+00 1.8244523346e+00 1.5000184940e+00 3.9253775846e+00 8.6872689573e-01 5.9017239787e-02 1.0138825310e-04 5.9625150777e-02
6 3 2.3977854781e+00 1.8251239337e+00 1.5000190518e+00 3.9367616986e+00 8.6814245561e-01 5.8994408553e-02 4.9000847211e-05 5.9036246836e-02
6 3 2.4076622355e+00 1.8257883271e+00 1.5000197493e+00 3.9481458127e+00 8.6759122197e-01 5.8361451994e-02 6.1268472773e-05 5.8573518932e-02
6 3 2.4175043977e+00 1.8264495270e+00 1.5000202808e+00 3.9594966789e+00 8.6708467652e-01 5.8251049554e-02 4.6830505410e-05 5.8680522987e-02
6 3 2.4273406529e+00 1.8271106697e+00 1.5000209283e+00 3.9708475452e+00 8.6656428112e-01 5.8246009664e-02 5.7039131248e-05 5.8282267558e-02
6 3 2.4371709009e+00 1.8277642418e+00 1.5000213270e+00 3.9821984114e+00 8.6603504229e-01 5.7579052076e-02 3.5125934379e-05 5.7631853540e-02
6 3 2.4469953965e+00 1.8284131963e+00 1.5000218830e+00 3.9935492777e+00 8.6552826841e-01 5.7172247891e-02 4.8981446050e-05 5.7511278526e-02
6 3 2.4567839101e+00 1.8290586569e+00 1.5000223052e+00 4.0048654947e+00 8.6499875643e-01 5.7038543940e-02 3.7315062278e-05 5.7289510521e-02
6 3 2.4665643044e+00 1.8296978947e+00 1.5000228647e+00 4.0161817116e+00 8.6428126954e-01 5.6488653740e-02 4.9436032951e-05 5.6478402469e-02
4 2 2.8829722720e+00 1.7505326741e+00 1.4999548710e+00 4.0161817116e+00 9.4208434933e-01 6.8012032474e-02 -1.7968714426e-05 7.2117851501e-02
1 2 8.8321486419e-01 1.7505899066e+00 1.4998140221e+00 4.0161817116e+00 9.4260348528e-01 6.7990782372e-02 -4.7288845345e-04 7.2059287038e-02
6 3 2.4763294093e+00 1.8303315983e+00 1.5000232510e+00 4.0274900234e+00 8.6353339447e-01 5.6038739480e-02 3.4159506587e-05 5.6125785988e-02
4 2 2.8938033351e+00 1.7513005858e+00 1.4999545583e+00 4.0274900234e+00 9.5779664114e-01 6.7906837754e-02 -2.7651629948e-05 7.1647144541e-02
1 2 8.9405167583e-01 1.7513575370e+00 1.4998085704e+00 4.0274900234e+00 9.5830498866e-01 6.7881963786e-02 -4.8210244239e-04 7.1629057796e-02
6 3 2.4860876381e+00 1.8309621637e+00 1.5000237591e+00 4.0387983353e+00 8.6292532974e-01 5.5761235182e-02 4.4934490352e-05 5.5987697586e-02
4 2 2.9046214959e+00 1.7520616664e+00 1.4999541053e+00 4.0387983353e+00 9.5665568925e-01 6.7302754315e-02 -4.0059774672e-05 7.1908207028e-02
1 2 9.0487562100e-01 1.7521184944e+00 1.4998027974e+00 4.0387983353e+00 9.5716719997e-01 6.7291869285e-02 -5.1050656912e-04 7.1884777133e-02
6 3 2.4958238531e+00 1.8315865703e+00 1.5000241415e+00 4.0500868164e+00 8.6249114055e-01 5.5313602643e-02 3.3876706003e-05 5.5198422330e-02
4 2 2.9154019816e+00 1.7528224618e+00 1.4999539933e+00 4.0500868164e+00 9.5499876836e-01 6.7395732566e-02 -9.9215289479e-06 7.1579831287e-02
1 2 9.1566180154e-01 1.7528790877e+00 1.4997971896e+00 4.0500868164e+00 9.5550325775e-01 6.7377818729e-02 -4.9676794474e-04 7.1545166804e-02
6 3 2.5055530058e+00 1.8322042983e+00 1.5000246558e+00 4.0613752976e+00 8.6186552800e-01 5.4721979977e-02 4.5562229908e-05 5.4636824808e-02
4 2 2.9261686384e+00 1.7535808040e+00 1.4999537838e+00 4.0613752976e+00 9.5377373784e-01 6.7178404680e-02 -1.8559971246e-05 7.1794031697e-02
1 2 9.2643521054e-01 1.7536378764e+00 1.4997910240e+00 4.0613752976e+00 9.5437188097e-01 6.7217966274e-02 -5.4619057988e-04 7.1747244459e-02
6 3 2.5152599773e+00 1.8328173803e+00 1.5000249992e+00 4.0726433965e+00 8.6145600386e-01 5.4408642710e-02 3.0475341377e-05 5.4523255353e-02
4 2 2.9368967162e+00 1.7543518479e+00 1.4999534340e+00 4.0726433965e+00 9.5207523012e-01 6.8427157166e-02 -3.1042949183e-05 7.1058348226e-02
1 2 9.3716980603e-01 1.7544094014e+00 1.4997850092e+00 4.0726433965e+00 9.5265364832e-01 6.8469844714e-02 -5.3378716006e-04 7.0990693602e-02
6 3 2.5249612471e+00 1.8334260305e+00 1.5000255079e+00 4.0839114953e+00 8.6095000799e-01 5.4015341361e-02 4.5142998071e-05 5.3763176642e-02
4 2 2.9476148454e+00 1.7551199654e+00 1.4999528413e+00 4.0839114953e+00 9.5119232523e-01 6.8167436209e-02 -5.2602789052e-05 7.0779710570e-02
1 2 9.4789439867e-01 1.7551770050e+00 1.4997784359e+00 4.0839114953e+00 9.5176593558e-01 6.8121837572e-02 -5.8335524238e-04 7.0730258353e-02
6 3 2.5346569572e+00 1.8340274519e+00 1.5000257783e+00 4.0951795942e+00 8.6045660998e-01 5.3373818675e-02 2.3996321790e-05 5.3157110898e-02
4 2 2.9583119286e+00 1.7558827696e+00 1.4999524220e+00 4.0951795942e+00 9.4932457654e-01 6.7695914371e-02 -3.7210979150e-05 7.0466224476e-02
1 2 9.5859772943e-01 1.7559393970e+00 1.4997722478e+00 4.0951795942e+00 9.4987902503e-01 6.7659327153e-02 -5.4916751027e-04 7.0423226059e-02
6 3 2.5443485313e+00 1.8346238561e+00 1.5000261857e+00 4.1064476930e+00 8.6008954870e-01 5.2928552154e-02 3.6150854801e-05 5.2784296006e-02
4 2 2.9689945305e+00 1.7566430313e+00 1.4999518779e+00 4.1064476930e+00 9.4803941841e-01 6.7470267261e-02 -4.8287066398e-05 7.0611574318e-02
1 2 9.6928698507e-01 1.7566998651e+00 1.4997657225e+00 4.1064476930e+00 9.4862991334e-01 6.7488591212e-02 -5.7909446414e-04 7.0560801019e-02
